0.131316600849 -6.122066237358
0.155407614848 0.843037434816
-5.426402049485 -5.634050877843
-7.035335254045 -1.239680602900
-3.327409549214 -8.794835766000
-4.306866844716 7.841378967998
-6.045452178650 -1.326396703682
5.632415767075 2.133922628042
-0.576510981421 0.352223520517
-1.777966519178 5.658239545955
-8.536601406485 2.974101776983
5.627343928741 -4.240588217819
6.896300502855 2.192444527835
7.830604684977 -6.232602159931
1.211326411023 -1.849311229968
-1.747167731779 -9.211169472783
1.958555153915 -4.446970823680
-3.044171564768 4.334233548463
-1.680988310365 -0.218264700294
-2.983474950090 6.456991351159
6.665303718083 -5.965711153678
0.821865650640 12.241317848748
2.989732265808 -6.003872082094
12.529396962598 0.929957036988
-5.425618710594 -4.733071752679
13.979960163922 -5.802313695289
-14.401811575454 4.347338113891
7.300242654777 -1.700082624907
-9.271295066029 -0.161282573380
4.922353601288 -10.987133981594
11.780415544919 -6.877852527001
2.426575917962 3.783127274872
-3.044373823258 3.745909719296
15.022278717918 8.439400347812
4.255862404886 7.030517926095
9.055888141327 -15.173876181580
3.167363866943 3.666941032320
-10.427285810131 -19.420821544972
-3.481177969691 -10.217438403455
-11.983000115946 9.440031887099
1.975047853055 12.131066407171
15.897729686895 15.730439762893
26.807484280565 18.660346036728
16.691497008278 8.068631748436
-9.327930870645 -0.532771488990
-17.255996632337 -14.745531307781
-9.533064595686 16.729984886413
-10.672004260504 -14.981614430001
21.605262594853 0.918382673723
2.780213133685 15.325675023555
4.577808950321 20.472661721880
3.017142623650 0.037603623416
18.016646769573 14.581671351589
-7.338351349782 7.419604834921
7.051300029738 -8.284286199199
9.232939286339 -1.815284700451
7.215808007843 -4.822517933876
9.953307592381 0.650389272633
-3.069262351314 -11.580146226739
-10.170392182990 -10.581107847254
-1.061996477707 -0.393199411782
6.263347614219 15.159974614855
-8.943535581146 24.157423221350
-11.108198002246 2.864455901155
21.650171392884 4.897443678669
-7.559151633704 -24.993398154242
-3.738304458251 -28.766924026967
-4.926640789174 -7.620714177796
-1.354793098689 -7.651681415157
-11.348732727161 16.595647272281
-6.004342761227 14.364188498044
5.676116971242 -7.766988414799
9.101835022663 -3.204339777166
13.530845504462 3.241811600553
13.226802655697 -18.438673246121
0.650930234958 13.010261381821
-24.007429230987 8.412869795637
-11.724056197899 0.414371990701
-1.364288070906 -21.863682721312
-6.536597348803 -14.938810824980
-18.863270447115 -11.727918886394
10.724814900395 -2.693786320758
-3.403425580546 6.876255551298
20.985682011991 0.865367796869
-3.657653966728 23.141461988620
4.677578417948 -13.917954870016
13.895529307332 -19.134319827836
2.736021196103 -20.554034357947
-21.125077380434 -20.484956615348
-16.891686446401 -1.681943949455
-11.486090281205 -6.603996209982
16.105552974712 10.753563573369
-10.254927971349 3.374646376398
15.777468560833 -10.256335444070
-1.168413431618 6.182811892314
7.151269856748 -21.628338132638
-0.833973404221 -0.277775566218
-18.655007621498 8.161097449934
-11.484206556704 -3.070976065248
-16.266685286039 -17.414796141125
-9.931220016695 4.076091435613
5.611792382344 1.723004780781
-29.274873182614 16.069904177967
3.441612786596 20.234147580738
-22.935455626407 5.639378618080
-20.199007350725 -4.503194779106
4.713171174971 -15.552583923761
-13.191646140128 -14.009828681277
8.992626147524 -31.013188877122
-1.374328341842 5.596127267804
-17.968456887645 5.359134279166
-15.673505405193 -21.295379280829
-2.840205538404 -4.432766714206
-15.395669995879 21.560992407379
12.671837334740 9.270518994572
20.609116536815 26.406074271349
-4.054970106084 -15.852132684677
-13.688541566281 -1.035685438411
-14.495270971077 0.439850134032
-26.546094560461 6.266652293519
-6.160061370135 2.809667976458
6.295565265131 34.038853160103
10.413134412855 -20.833445773049
-11.841474940062 38.463348850572
-5.374314710356 -2.514957683691
-13.044550648773 -8.723734557917
7.020982797463 -11.153601866594
29.428506724594 -0.809015688891
-7.637959538253 -2.582452791540
5.814805069208 -9.003380122592
-11.076107006425 -17.365370369079
6.838922211447 -19.871684129625
8.660654216802 4.287014913600
-33.661765391031 21.732215842700
-5.074533171166 1.472746463665
18.616252723599 -0.704804788173
-18.772908943087 10.965235385617
4.417193974278 -3.478540352149
2.847436552678 -14.647174532179
-0.821141593929 3.119823625059
-10.889807419965 -1.705838796494
20.345865002012 14.955324514079
17.662249190463 0.260180682485
11.836726094325 14.912220222231
17.114487015862 10.701931886597
18.650248586687 -26.854258399382
-16.899312859552 -2.173205006530
-9.335605655513 4.743544600503
5.521239374913 1.871220571879
33.022610512934 -24.914038226021
24.615288831757 -11.056145460795
8.321388492798 15.942217200121
18.138368612465 -23.530744008045
16.670578890813 15.786501234982
13.328802671716 7.740111375308
38.373777081797 1.728803546550
13.296306736775 8.824558649241
14.721856331292 -0.629928245298
6.075208067568 -19.030140085276
33.833376449944 20.950252800536
-14.441279695782 7.725116323180
5.614663557904 23.084510204934
15.203424978399 -4.018063189449
8.153619325139 -18.462842842368
-4.064966148040 42.059028614520
26.700131231496 -6.866070123591
15.014593600693 7.652947345848
14.641343610206 -15.742926140305
1.759428273279 -15.210405985617
-6.063554918256 -4.864264730173
-7.871888623773 -3.719753129164
7.367097773464 23.039273453853
16.971535691923 1.083939909282
30.942744603290 -0.372399651763
3.990819370036 0.184210007544
19.595281589645 -5.434766437101
-34.931319357279 17.094280374819
-9.269718035920 23.510202838667
-12.274417166244 -5.158046700097
-20.975556232391 1.884466112340
12.650244302489 -3.778256357028
-11.037285010749 -17.375457844642
11.587796615149 27.910310657420
1.144405209931 -5.957492959572
16.848436208599 6.648608190708
2.658483402342 29.739995049195
27.949904712174 -27.190356393258
-1.722618643659 -11.159023844720
-71.054266199931 -38.032398190422
7.596040117459 6.513906271511
-23.923285959111 14.020470469681
-10.637753129015 -3.226398106111
32.495815408619 10.951556359498
-7.458025883791 16.233973065725
-15.333897247803 35.140761093992
-19.857293681005 -43.260328517126
-25.572328428736 -8.895367205850
-15.903444353923 -14.623261524003
6.856130967135 -19.165644567854
-27.485936582730 5.186213327460
2.262824623416 -55.767164309839
20.631592688463 39.501132085480
-21.269694213941 12.427182807609
-39.015932575406 -14.619282776422
-18.149534728963 -34.132274724147
2.756585356202 -3.599991800367
-15.730129523498 -23.592955203863
-4.729680408156 20.050440145350
1.132557757430 31.343741974934
14.568991777449 3.207106683725
-44.151836120677 -6.939418431610
-15.341997501095 11.021062335493
-26.400856435265 15.206524482772
5.533537432674 21.106021801852
13.990252719578 9.410216667897
45.422811290623 22.438722118847
19.777015924465 -58.641321829336
-46.633069385800 22.716349226232
-5.470201588713 17.871957196638
-23.822521311810 -32.034983591333
-10.849965408679 -20.773135307511
34.448164619356 19.149310379710
-6.622032045104 -33.603161078991
30.734931832073 -13.617412203805
18.363391482827 4.759807643543
-18.213650702594 -20.570180328062
-4.319829313227 -24.965068060763
-9.490761757332 -12.558325250122
40.153454677577 29.568214898649
8.673487542027 -1.294805841652
-0.213753790463 -29.013675957717
-22.407675502933 -37.029077999071
9.006011468344 -22.160649433587
2.384311043392 2.759683551721
10.311803860894 -10.910201074417
-33.696462528353 31.066387263070
-9.872647832317 -29.517393527115
-21.558348147294 -8.038598777856
-20.174600520162 -11.564294383655
13.443117208206 -19.133476783355
49.606189299495 -8.067686849411
-3.001066247845 17.989074801430
30.175024564393 2.854221324628
-10.953258133634 20.491496145305
-31.647857610421 -18.810847838737
-35.588560701493 8.255082549777
25.694539035590 -7.448120640195
24.080177042024 -34.083608724946
-16.063340424807 24.513940800461
10.328290767947 -14.282301930515
4.587882276780 -8.893955289454
-39.959029248775 -13.698622487922
11.546070410656 -36.363500719364
-23.524949411698 -1.001713999747
28.751523368373 -41.766169167905
-59.177038103257 13.100934436102
25.344465224318 16.112187333775
14.796177069170 -5.910232266772
-4.265038402593 -22.294767634362
44.398914438556 -5.239777541502
42.083136813188 15.221030841660
1.135184464296 -19.782713666058
-15.523247589810 29.357683197645
-11.529337775097 0.414481061582
-14.471931262851 14.143166565715
-9.768970105845 3.641768926880
48.308444662149 -8.663691624586
-26.116079198455 -21.896229035200
19.418065183594 24.571420832614
5.441195757860 14.789849152365
5.841888318319 -10.413493236349
18.533463056956 14.960312593798
-2.069430565921 0.839840637749
4.175775492329 -11.067096365562
34.543243477913 -50.536180223334
-14.742755559623 14.682000470795
-33.846072992795 12.505568407385
-20.335254825201 24.360244680066
22.344609092088 58.231190716964
8.038001757735 -6.799323715626
12.485037630718 -3.195535954588
3.311299624416 14.046281909929
10.453634482222 -10.074482450606
-28.911675430580 -24.036921017771
35.650365894676 23.768910751331
7.053937295484 43.462512101833
24.072116443268 -11.122516108649
-4.715776910296 32.367914629923
-9.323275151095 -60.318255148937
-31.757975115792 31.005685725199
-31.282960924370 23.860010428631
-5.254824582546 53.007987316280
-22.907455217735 -16.712401316718
8.219491297960 0.608933355315
-11.077305220423 -8.195107299203
-16.582627579873 -13.065264492946
-28.580249792076 11.660235509404
-10.866762981070 32.375809741143
-2.656895352565 -10.480465617943
14.675968332092 -7.186310598389
15.496019798654 -30.070753081190
-33.480538168136 -2.029833243401
-1.805865928509 -9.808638198997
-28.695796645376 -54.383118349999
-14.065544973597 -45.092627713058
-14.714545189725 33.203429441612
-30.640953614545 -2.996203442959
-10.928785292972 -28.754584547685
-3.680680420239 9.022199194543
-18.165692446007 2.279837794130
1.605490442690 -38.427202523993
-40.816185176349 21.025422518699
7.818830204256 18.369870896239
-9.869899645870 1.994208388624
-8.092372174691 -7.975674406138
18.075737018700 -43.217467920419
17.165253803976 48.325359801312
-3.526712689012 -25.792897243764
9.844735383007 35.038350650814
-33.087560950595 39.694446327789
-4.484928319496 -12.496549632494
-24.016271259393 22.269208820716
50.384737077689 -7.154534272332
7.866853957949 -35.100901926672
9.407352400291 -26.037305145785
-4.711486260228 -32.565967797071
34.070068126477 -25.663430266299
7.760917142390 21.393821127340
-7.530320057532 -12.330112502630
4.512574584695 -7.832615669031
21.015034646792 -37.235576021479
16.843573679449 -35.444873744232
-15.213061835797 0.548629850892
-8.284582064578 13.911739820270
-0.782715598638 9.822121149406
18.507456766967 4.833439744370
6.504030965847 3.258060703201
-5.208023982223 -44.083689457427
78.373986531875 -32.299554156750
-2.188466794437 -11.223933994648
1.722283696099 -53.536614086875
27.651623861067 -34.317032327034
-40.000633233053 47.543318514107
7.803649957365 -2.333556925119
16.760983224764 14.291246637483
-6.602684646890 -36.427860240049
26.517734417221 -47.166100824142
28.444211186418 15.851353669644
-39.254909698952 -2.271721765317
5.898311147182 -10.617686807644
-27.811579229458 50.054883829207
10.473337634455 -6.616923488238
8.368086878563 -16.795349809246
-40.245255350981 -37.144319128684
5.888313511345 -12.087313541637
-25.281836737288 8.893439244479
-1.341976932027 23.473248437834
11.273882029157 22.345547804616
61.456592786834 -3.751586899106
26.134768038730 -10.699890240441
-15.848701199385 5.449911775775
-14.105924249739 32.831606580997
-30.269466388526 -11.952789659968
-60.828933749088 -31.180225924765
2.212273029380 10.464976470462
-3.709365857452 -14.919619624307
20.515653218931 21.484024162992
36.890387530516 32.802430873517
-16.065931487841 -5.983405553781
30.430244646974 10.855110377223
3.197929799265 46.307814448913
14.787311350623 4.211708398421
62.352592498621 5.690523714078
32.350818226853 37.152414440079
-38.726700228202 -4.626600187855
-71.870104981583 37.160414519228
-27.049473312429 43.819116408071
-44.318850032067 44.304188668587
50.647282349410 60.879134260252
1.412280471172 -11.176822433685
37.411881193825 45.745872917799
43.299436175068 10.088721408978
8.281350562351 -24.479796073401
-1.778610602845 -27.385878835454
-4.641052643316 -37.136954239085
4.113770915570 42.215975520769
37.474956844652 51.509279991876
-32.347088557046 13.739632163822
12.444510272125 27.580425952673
50.348852649067 15.246244168967
35.843420745473 16.306855541485
-30.291239188200 31.672772371288
12.696690657210 -19.647043267861
-1.766389854610 14.897785978943
-32.014674669236 -11.090217570021
-8.437712727369 -5.105165164096
-23.912631532990 37.194919861062
-25.595355983565 -11.512175156756
3.245530433749 -6.451722414087
-13.646314549242 30.424293539722
60.410679095500 1.322297516514
-0.940302472081 39.796145205373
-10.109875705556 -33.315165321911
-14.280498377247 -71.226192223863
11.811773708478 31.722177227452
-74.604097504179 -28.044316552884
-41.602647010760 -23.896433916887
-7.519169794957 1.701426022864
-20.542972220176 47.250673832407
-14.631647256034 39.189205069053
60.577183581554 2.164065382468
36.692167002853 15.620651106514
-5.052729138282 -13.324633884373
-38.339266736394 18.600486637088
-5.691573814075 -29.923358357759
-24.503082417257 -28.665655167968
6.312583756804 7.902481977140
-38.243020635656 -47.801727925541
5.672079564114 14.819831929488
33.014641815741 -44.881272998895
2.548596954047 -43.655784840886
-26.915003504691 55.544616718114
-7.625938456791 0.483075935403
-21.092389694296 48.869897007928
3.110584378807 -0.894654546808
-56.049636592241 -50.166995608511
11.555770853643 -54.510963399348
-8.361062550536 -34.766497647368
3.562060841158 39.909691001063
-25.845753896382 -36.865874547892
-1.740404982558 39.097889964949
9.950142953183 11.680162423734
34.526141866066 6.662525619101
-49.630871589754 10.032018259276
-29.495911843170 12.323441320136
-21.928608407055 -59.236059369652
19.751904639244 -18.182390898231
53.665773175731 -18.374628974970
50.415359066306 23.439320498896
-64.396978531546 -57.445848923893
32.759477804163 -9.913701833496
9.925875360752 -23.919591804625
22.359375304345 42.828120606158
31.108959631941 -22.211136948999
33.333279234145 3.968293345459
23.861806528865 3.458939876887
35.826023332481 18.880194966819
-19.692650464530 -6.338313114131
-24.504715370749 -10.928828383032
-7.754110647672 20.349650089677
28.372069182080 -12.586468415450
8.898290543218 -0.273867856578
3.302503264348 20.753271936115
11.939387797608 -5.307310469105
-0.693887041122 4.004079886551
10.844293747137 -13.144378975385
24.756838591261 -27.687403021616
52.992203544144 -4.965746938070
10.589073993247 3.847964462479
19.810099252592 18.849435401358
-2.249202955469 55.768843347490
1.717575750499 -12.388740088451
-18.767317110357 19.817826021008
0.359759972432 -38.296716050611
2.562857746173 -1.433478773044
7.583595589942 39.796193163485
-15.975637451028 24.671080486942
5.016451191103 -13.129171538332
29.129351432242 -24.945552791029
-5.232804298569 45.079979542308
-8.862511701692 19.653221852643
-51.819214566111 -48.071144333558
30.160027167904 83.840496845827
-33.595980582510 -6.471296897217
1.544304080542 16.304108088540
6.902565272852 1.531037613555
24.028473436702 -29.677591356490
37.681898331154 -14.628236913456
1.683035397352 -27.017413081118
-16.359046518528 0.603620981149
29.998776518943 -12.877692154084
-38.541352302672 1.971782188850
32.500361330558 8.444956325464
11.498974797798 29.182545450430
-8.685396467555 59.818299124602
-36.981078257035 73.422423878170
-3.673270734199 42.354937382482
5.803605443240 -3.900502446784
29.417245120652 40.709311301815
-35.205098573629 -12.134748746446
56.016150615944 -28.572635558046
16.751962900917 4.731393481637
-7.524935018886 3.775621869939
13.456424113764 67.928651053201
15.383078616858 -21.681897805091
19.156778695365 -59.186615239500
17.384166214250 -51.337527359529
-15.983701413329 -42.469224409066
62.394219709216 36.342328644731
8.400093880067 -22.355600435087
36.302021580947 38.133546374508
-8.144335145604 -28.458340829065
-21.160609966725 8.446541611366
35.938226788430 -35.650837568522
6.026848436633 22.489925820880
25.587202813604 81.851912849767
-23.256035557653 -13.184024388622
-22.861505363176 10.730239233424
-11.475620753566 54.139863561540
-66.683549036561 -49.843774835426
-10.558362950085 -40.616606569882
-24.264119106506 1.687162718860
0.119264220468 9.993654607555
11.388646912975 9.862300816507
55.473987276200 12.765497783355
-24.282097578967 -20.752730450703
42.488859768059 -31.895393509655
-3.939126461851 -23.546038112465
-30.986693723954 18.163088087963
-37.924234896011 -6.813347767979
8.387526736656 21.649241252310
-6.002873548611 -28.381540816900
58.151834777101 -15.820835333282
5.356318359354 25.412987832176
-19.308491455593 -37.992039891110
-4.557906474815 -22.790031780846
-4.158468539726 82.658031058656
-38.172047271966 -15.854605187009
-49.344881623000 4.951171250046
-6.502304923394 -13.533677691083
15.861878544708 -26.397514049202
-25.319065491606 16.061454846899
8.438948033669 -29.512851193533
-44.198431040645 1.805694256586
2.098310155027 -5.094239183644
-13.357739228022 19.135812147267
-43.858303214104 -29.773008185509
25.744918161352 -41.480446309708
-14.580211715116 38.029800509740
16.653200656162 -0.707852361842
-53.837962282882 38.895045827957
-12.312612214855 17.321304533200
-26.208088817479 46.244466017776
41.128691096149 -9.264906676043
32.180074348923 -35.057492165748
-17.827516250854 -22.557150887938
-16.864315178129 5.116848125540
0.208183393709 31.317112315550
-13.310626189000 57.239421687956
-33.295702908494 17.344306068977
-18.312445258280 -20.308007033382
70.141764342863 -22.085224436870
1.868938188657 45.206112743411
19.584099301017 5.671294400768
-10.093006081639 -28.246845642826
15.849432185151 -57.250500387965
-32.432738179868 80.283757785965
63.565739534074 -29.049095434939
23.528622880009 26.169316236807
-29.548825674887 -13.868803245132
-16.990984154995 -35.868203714122
-23.613282245010 18.392705586676
-37.488033876700 -31.166732967280
30.043079826639 -39.888817517473
-13.377729741517 74.096425848017
58.431774889181 8.897386477911
-6.802943516892 18.321511250682
29.966078587339 -41.312020762251
-34.901786070617 -47.761086850885
-3.888624238186 36.572518741687
34.268996961998 7.798763914324
-13.662185047631 10.806482751020
44.111191645563 62.631767746068
-15.952320969036 13.975758184339
31.063809311504 24.483234040990
-13.761132646584 19.410644879972
-18.601873245527 -35.299769858943
42.023839194450 24.349258214799
-18.703513455539 24.187822281353
-24.924430767123 12.297800161298
-25.746779090361 3.211071954878
-12.404738326453 -29.938789199374
-5.077096310278 -14.346335433427
-2.654892407450 39.328908462379
-34.362264262548 30.071810795491
-75.024549929063 -37.987120086517
3.722061904345 83.772864329872
-2.108153520040 23.485082208193
59.615796247243 -12.578877256417
44.659521170469 28.077417151283
-67.514597603387 -20.370895391160
43.339280825180 -28.879904819579
-10.560878999308 49.968682919083
13.227929946758 22.408087145722
38.442810471374 4.019028699342
30.067212067130 -12.800038970067
-12.053308406064 -12.690355086417
-82.366689616077 15.774947340758
-29.232686790284 23.303158035539
-7.689752614162 77.801907967654
30.403031008375 -26.768153871047
5.914701398106 1.577960404117
60.548813918871 -5.912860142543
38.629193981500 -11.472374776548
-85.559237169483 -19.035795366894
36.726309252726 0.368765782325
48.835088791465 30.136889466608
31.824838312266 -9.821208549879
38.655171230732 -17.107180417207
-12.839607467066 -15.921737796277
-8.874562717840 -59.525574230329
-58.249111682147 -13.493380856939
-6.127651196826 15.869743409110
-33.176487118361 44.135717650596
27.885999881574 20.340068698432
12.469078123731 -30.233535009277
3.014718811350 -77.432695418079
-0.400435212601 -84.694958626861
26.014670358676 -4.541123812359
-38.470468825108 12.582639898527
-31.299101174954 10.147673471209
26.600685038256 -12.894701019441
-83.393584255047 5.647439296019
46.595686741424 11.418401483525
45.849999766911 -0.578501734294
6.976629608434 14.780882420190
-9.000097034748 -12.379182276753
5.985610798250 15.297878027777
-63.786093544486 -37.535249467967
37.433231300830 10.850126101512
-5.391196786079 -15.499735941247
-19.965884455233 14.028069570087
41.001365130182 59.679670399679
-28.916911510457 -40.102245527528
-48.967912501993 -46.299421921906
-58.706010018590 -59.211106274673
-8.350392198837 31.522696934747
35.338018608943 77.252863549421
-39.375842871013 -11.474166325993
-32.535503902125 -21.877485855994
-27.896027831021 -36.373261926645
13.782565774051 14.488824451092
-44.176658065476 -33.884883173012
6.919411288700 -72.237574885296
61.591375797548 19.970438442898
12.059071695365 24.163036564137
-22.035898806213 22.627629278178
39.772938057917 -33.300293839722
34.482006007146 -20.245140904569
-6.833246444705 48.505406362406
-23.880119080041 44.262822847992
-38.490206845846 -0.607141818925
39.573295180588 -18.280106660990
-32.399695901117 11.136752693242
21.160732392065 -12.585606104061
-41.139064024053 21.340290433806
-10.714183978547 63.655208052220
46.068317752917 -25.511399061300
5.317779952222 8.108300601686
24.890370542691 61.611284804410
-15.279909287965 1.718702016890
-28.990089485277 -17.806955932366
-13.855119113339 1.732428440529
13.200534962308 -7.722316220788
-35.298986100234 -15.240845484266
7.396166577441 8.688646901578
86.814081091252 27.305936136027
12.133729677485 40.992681968918
22.566919434922 -32.320963663870
-12.514250436923 -55.049960815889
-32.132760015593 -21.478148346308
28.025418597042 -15.725146027011
24.668948828055 53.864572626855
-13.266995736035 8.380780312461
-15.081634486580 9.193423711496
7.848084382376 -52.109445900664
-9.675670553637 9.138619390788
-64.774169066356 -46.001955745911
0.316833434203 45.362628042400
-7.067602410182 28.704079630717
20.561354738381 41.696040298555
22.875653784223 45.845180822354
-9.667476769476 -36.714741581981
22.951946051099 -19.394557666932
-18.963855519805 68.971621011941
64.551706839504 -43.160041328279
18.269587542261 29.799043707400
-5.125470497083 -32.441642789721
-10.785538122725 -5.539249544495
18.820207093802 -16.140467001431
-25.589887159775 -33.263189288851
-3.735630975361 -17.565405252681
91.624669155948 -14.775846784370
-54.337787200190 29.159877297211
59.048812297400 25.166151891842
97.032001978443 -63.083898845990
21.696474511398 -3.179432483211
45.525387661521 -1.029826237914
53.026045644868 -21.643706972853
-13.125738441375 7.873279034546
7.647132652420 6.914162007659
-8.486881364881 7.663410850520
-10.923531587680 -21.859861575853
-5.727779274143 6.279155255889
21.688900087368 -3.444566395888
-79.963339226408 33.225842528553
-25.326147852126 16.088593927927
-36.712960590308 6.825908053698
2.792767896835 20.468427094821
90.397894731411 -63.148250948102
-28.242298678114 26.710830062584
19.115346537929 -13.689364407711
9.433016464465 14.911650251849
-9.137396781446 63.037250801624
-56.321309891225 -13.512851631660
-55.841782246304 -0.145123697845
29.187142910028 42.167806661565
47.836898429105 -69.033913092102
10.533178454087 0.828015049546
1.338004211084 -69.221672641027
54.992970282716 -29.575246223450
46.300936250112 65.379846035103
-5.766196833143 -67.639085822083
-53.967660860262 74.908710218418
-23.443488833894 53.548307143246
-11.258900937186 38.866218750774
-40.165866361918 35.642457252125
37.831116344837 -17.539944997344
3.479123654040 36.862158989295
-5.768047694489 -36.984098571647
19.793447668545 -30.674634485263
21.489787510843 -26.544494182606
16.805871659658 18.845336792502
14.805358292335 -55.993578882739
-18.656863752448 -54.424902505750
11.092029998218 -7.055058890311
-23.120144784427 -37.289305433933
79.834728042011 8.532388939269
-12.660691434373 64.833139323329
82.697322451842 -26.859084130372
38.432132825643 19.826848549477
38.086809750057 26.810340919087
-16.705408573163 -72.373060497625
42.795302256464 -48.207937661481
-64.447284507826 0.896964965369
29.693847433815 10.318984761881
67.281172916181 -12.489273112438
-30.201167520226 51.389586224663
28.149557675532 -44.004561211799
-56.973241520618 -81.065536767602
-45.572684921020 -40.537838150573
27.061799510172 99.908997578528
-102.007481152586 -8.354823334949
-8.789707437028 -28.895151081165
-19.596104921849 -44.684005679842
40.586221314217 50.129722007565
-87.619676232707 -2.279825846265
-32.938183875497 -2.113292593149
80.374061959622 1.256718400607
33.328541809419 13.081343665098
-14.244680707162 78.101926123616
-65.195609942707 -50.590350219131
62.895450511461 -20.185009388406
-25.388457219627 -17.432334218673
5.174351105098 66.997461744126
117.648987955438 -8.758659476450
5.168077087083 -39.416621363897
-26.174402851162 -25.816829286286
-3.704603314491 -35.188847469074
4.929571989847 -40.853442157918
41.363470327234 -1.369468842638
-35.738280673759 -18.337947840952
26.660071411793 -9.915008438829
-17.793568006124 27.212640992656
-23.020916167593 28.385659259845
14.040655332026 -7.719933927825
-11.909002556165 -54.507796589340
75.473670269811 -54.816913309588
23.476772245507 34.159008268463
-22.216462466307 -49.000815817868
8.170829698823 -4.123696984221
15.170893648441 32.595456470133
-21.781542984591 86.035003390637
8.625107855349 8.229988262227
-0.628240873905 -12.141880195459
21.745196136141 18.189424178149
26.390097579960 -7.710344580267
-89.444553262368 -24.642572165569
12.779825482733 -95.523681398833
-27.480890040577 -22.130801036446
-47.670945817769 -9.295562886648
61.589749350199 31.819269610801
10.319330310083 19.321057878558
-10.806818374373 78.091047280523
-27.868693628083 17.897201053489
-36.670957316144 -9.803345130340
66.062598855259 44.807466113032
45.392938828234 -2.655854032209
-61.105842268700 31.101060994514
-43.449703952059 81.140268146191
32.463211803454 -27.982340256340
64.102989295586 41.928880567339
-25.997707910088 -48.839535522484
-0.111660583075 -16.650709739474
-35.086814691223 -27.756522850784
1.063557153727 -55.610410523644
13.481514054976 -0.615389917617
-32.734197629940 -23.538898985492
-13.274350771232 -60.178720284507
68.593215344461 -17.510994514831
35.370708020429 -45.217762814577
32.190407874822 -0.247674322334
-3.207811512270 5.954037377065
-29.002897961862 -39.863133749250
8.290351606498 0.327467098417
-16.316329604671 -29.921084146926
88.209068665903 -13.403492127832
-32.265594848735 33.024002732508
-21.367437468880 -19.714881414139
61.952916330957 19.487974872999
10.224230438684 20.378782509056
4.465595264736 -11.574776624061
21.731153000751 -0.229076038775
-39.807542423582 28.873805146209
46.284025201800 5.785974686163
-20.542106869859 -18.071400113636
57.048064105567 19.574916866247
-7.223939156676 4.003683874566
-17.632719963462 23.966420756173
-49.194501414856 -41.636161280983
-23.380285150638 27.843046378173
-13.111778734727 34.983923079114
21.204672319336 64.272517016801
33.951959066602 20.324163377297
-61.517869530233 -48.747848054989
-4.474344575052 15.181740190933
-23.757562087139 36.608971299718
2.387487368508 -44.873027972493
-12.723625362200 17.969687505139
9.651010076714 -34.213999556920
-25.801494863027 -35.990620526922
9.218931310861 -58.048670334207
36.990717692633 -113.954703433665
5.861214785800 -52.905861255248
65.117532570847 3.299633239237
-55.845972761744 -20.361844240316
-4.526457630179 -64.194307062585
15.729170451089 20.450969032011
-38.511713391905 -24.517807666427
30.220140004536 15.639131603618
81.587390637957 21.476497609472
-43.380763449805 -1.004025022769
73.898557935406 -14.720657898270
54.120326842105 20.267892377411
-5.859908749200 45.068375968820
57.290148960971 -50.018595087530
10.919565019653 11.800154203921
41.139419885850 5.000383107950
-19.988617911344 -75.658981673280
41.283949384426 23.648181730082
-9.389383824070 -50.412383040557
34.401723644198 0.440375344817
-20.456432119099 2.170554488058
-2.066893442666 66.314833235557
-8.754382676200 75.078196840321
-36.177457583992 49.283367687289
-51.388145827124 50.690321300711
-5.961852161220 -24.356785250599
-22.075260861961 -9.022700626984
62.980909246980 -23.503354467894
-44.474358057339 -41.487643606416
22.984939086042 8.262439588174
-52.833745357033 -20.815544863239
10.302953334035 94.480733928628
14.179813081000 -78.617252811480
-53.685088360555 -5.937675964920
48.077817129431 10.610357984438
66.583334286170 -31.642913874403
-72.496649794886 36.235958641961
17.794573746309 -10.886157109365
-70.584470559223 14.867603813509
21.470096997143 9.403403915049
-59.438046754179 -79.486907297354
95.842208722003 -25.788241849375
35.059036229059 -50.940433536746
39.253873473346 9.878047460501
-23.693791878664 38.525136952354
-35.184822370152 -97.068164044920
-43.139732696993 38.372206426622
-28.155364013802 -32.034525415569
20.981904951061 -32.826364032443
-2.028862153587 -58.506668647924
-21.514581605751 9.691903574700
-26.026127915842 33.316953106385
65.239094961801 46.210821559470
25.453356793918 -4.548054598878
44.636587719888 12.130713345454
-12.390775688110 51.085096987089
-24.292533823258 -36.754040709628
101.113591054857 -46.636965353240
-35.048388015442 17.758560058299
0.970881872504 22.350143025863
16.239323930129 22.040509269519
24.586034387819 54.317307855057
-32.968158407969 92.649624741576
-26.623316194532 -28.783286958702
16.497686138971 26.780677238027
-25.013947688054 3.862824443050
-7.199417817293 1.280767325247
14.833582032258 -12.854008130222
6.026655550967 14.738908202903
-27.454649028109 -1.085631089151
46.812397765439 47.266864245751
-26.840764261334 58.080756174173
-78.473602630388 -37.686260891769
28.936518745803 34.241373824517
24.328399185029 -12.267156935205
13.372588659785 -4.702219848580
-68.512775494211 -50.508394660095
37.149339335806 14.666027736832
-35.732046349154 46.865931337021
-13.740447409165 -26.562541520902
-0.096874531161 -6.617582037272
34.827321474734 -5.175132596946
-57.812091123609 24.387505669239
64.354901806289 30.157938689992
-100.032928043705 35.134805308768
1.520427664081 36.765747133581
7.259720588658 27.241698230604
21.192078146912 27.768394408676
10.274940081785 16.759123010199
29.952294166650 13.349292253718
-12.094829716091 3.775349870642
-5.598422254116 -33.834827918045
46.516251749575 0.312021472872
-7.462332609576 87.218032886300
-26.534754651170 26.622485273181
63.807647353553 76.239205383627
9.628112950485 -60.450009335701
-86.040457723011 -20.224837667769
49.870728044060 46.935276017843
-22.711912784060 21.671840075530
76.922685413124 -26.067886838927
69.588606619683 -18.378831045578
-14.798494567823 -36.165602554099
-100.278588968398 28.256974896889
-66.955839046851 -68.516876837102
-35.086980987636 24.104859809105
12.540086345613 -3.331599765400
-28.748276938422 -12.420514462538
-8.153218860980 -11.200854663411
-3.879098916750 -37.821420654452
-42.427787165534 14.453193440795
94.101481412836 -30.022390039409
76.279092812354 85.754788865630
21.103656976979 49.709132219820
-18.488168923401 -59.026696187740
35.885607111205 -45.677003132111
15.286535142247 77.578310447064
36.317081473923 -46.671376177963
-42.992005650508 3.411580057401
52.876971052121 31.752395666806
-25.628864504874 -11.550026877766
8.199951217532 11.890768066805
5.229584370217 -1.818019127560
20.301445999222 -26.411867880039
-57.833831672859 -77.977286155094
23.309211509574 8.804651018896
-26.687733131338 53.331943751746
-7.903776834297 -20.320005575689
-3.339041696776 3.927477435769
-15.359144856881 -27.738743308721
-5.663648657038 -26.313563281259
134.555922140525 -34.346834285281
26.064208649770 -13.123693537972
79.205383968364 -91.180918265426
36.129023155331 -23.201779288434
-48.737095220029 57.150361470955
-74.840165448936 57.035287325422
37.227204506483 15.453776312837
-8.977293880498 -17.736142115404
41.843566087079 8.237937451796
19.630072766364 -32.313077956668
52.758499723494 23.146545413534
-35.847835008226 0.899592495463
60.024948495275 12.715734142056
-48.042722263499 8.718113852357
24.144995860254 -6.178441657835
8.005858656035 -19.167842396641
11.868247887526 33.559551964895
-4.543036149199 44.464430112163
-4.819413115724 28.473692375160
-18.896353743168 -47.745658680790
5.115931718452 10.734248638576
-14.216152180003 -45.554232167340
-37.646233253977 77.393005869980
21.973340982895 19.717859730202
70.525483971570 -31.078539654014
-25.177937124505 -4.175270263722
11.804019062384 -56.631446524766
80.743964860934 16.611842678520
-63.450823003346 -36.097084289020
3.784182549068 -75.475268344391
-91.892028230341 23.862619421826
-13.245389281661 38.533150068906
-57.258015250509 -19.881728498711
13.836561309977 -41.586802401895
32.895823357764 -25.649452809124
-21.742515589144 -18.712232352820
115.091803904385 17.815413750110
78.313758054797 -13.861317656853
-18.549371193542 -73.094584501285
-31.085272616321 -36.160527602714
-2.760544085100 -61.903763979378
37.337608203422 -13.436243529656
24.307462242904 -18.259429874335
13.556121502658 17.813629714472
45.588337972341 1.855702377137
-11.838028283750 -12.287599199010
-81.458180237010 -3.324275847934
-37.281114770856 -85.057983977811
-17.691331359900 38.709465294290
74.633068300158 -18.379031639483
48.264878654895 -22.448480064642
-11.708193192954 20.919203790842
5.643534514335 -15.155757400882
-17.087251952424 25.769679288811
-63.474093796493 4.334646365809
25.396217215979 -5.356281714226
-36.216143033381 65.450917105569
15.476488659770 -81.831798259942
43.518100847374 -14.239327287246
-6.280721510426 -23.912989238364
32.613520543713 -12.561455906874
-16.004469914521 -45.389604413431
-21.050842840112 64.527391630499
37.267275461538 -58.836237815471
-18.593643315198 49.834866319344
-13.707955269502 0.981042967269
-60.768505364982 17.063839512183
69.524426995236 -1.936196959262
15.432900940856 84.680852119470
-13.903117063617 -77.004014372283
3.103892854535 -32.287243902175
-50.671725716814 47.936776291493
14.339490069609 -3.180161492614
54.193410035964 -96.970380081855
20.614840253377 -31.708358647258
0.042229231019 -53.684619736632
-6.469929818818 97.359088462944
-35.727110736695 -21.559784610507
-40.202605316441 -50.188792183626
48.767413043922 60.243893264791
-62.486534943160 9.581626627614
-112.946963688479 -91.409478982127
-30.248502285238 -46.167917571187
-6.865908268071 -77.262311572531
-34.559052197909 24.989564136615
-78.438336425128 -1.532079689549
19.072237167728 32.320448206580
99.968122885551 0.397318910252
-85.683088552750 45.836947619690
40.052151915371 16.335509161808
38.209481524046 76.553407805893
3.988352280355 33.405178770953
-111.081686714140 -6.980694719420
-22.669679351876 99.412505679688
53.681339766448 30.622641544398
42.085986411207 -61.251367123753
9.839908415238 -10.208405615369
-74.111757033770 78.811808378135
67.380350097991 -19.093952585092
30.402440757451 -8.068976024212
46.971664685966 46.383722133164
10.183721154361 26.573363563022
20.061653457380 67.251339723248
-7.755692384744 24.066503833519
-35.026853073625 -3.887609817740
-73.043209794078 -63.338165026821
-27.041487530790 28.650252399070
-10.277320149701 -0.249846145200
33.583576164251 5.103025259193
3.023187468352 -72.521459943784
37.630717216427 63.414169001874
7.036565598183 -26.739470848117
-38.612452653868 -53.415536201120
88.544112803500 -44.299504770969
-41.296228682228 -20.018594106052
37.816471117929 -12.785807140330
113.012030416331 -12.851951813184
101.720140180461 -21.833468966052
-32.837755840615 -79.861396922596
-23.175580058950 7.761833244080
-70.314443200451 -5.506224529603
56.596367057031 35.014051690279
-52.755378599080 34.568358728912
16.965014988438 -47.367349849629
-2.203758324128 -34.332293495742
-14.889652799996 -6.427833851060
14.615103859508 -48.763238771889
-19.742616999314 28.694989806939
-4.022172827188 -8.142871225744
52.133693025116 -21.181607186547
0.111771128988 -5.170894606824
-14.297384358611 32.918422115355
-58.049656950761 22.901457072386
-54.154973158683 -5.369203308789
-34.170707823239 -1.374222951081
12.389338027646 50.349759499367
26.525787903609 -6.177616912664
12.998119978072 47.438427484131
10.665512029381 113.313111537951
2.633559738153 -18.574161958835
-29.222825860366 -17.549975986196
43.831450828627 -28.143359474958
-31.096392753451 -17.210646070556
-10.923936062086 -32.575148880669
-40.652170628947 22.016747650580
-56.192340314277 -83.485469205602
18.213448482020 -47.396221679881
-51.510421078950 -25.298203959309
-51.953572672134 23.800963237954
-6.145828800649 5.445474980521
-21.383060137633 6.795009270933
58.343705874239 -9.675173319256
-7.795061963737 -15.000593058326
-12.007181577044 -3.310373071998
38.070047345997 -106.373028898650
11.742033379089 11.967470232119
-43.421597273981 39.590757913655
18.252433209477 -48.959859692541
37.883532994001 9.824968507644
57.097480395489 -55.378861967212
-64.336481853309 -8.346507630682
10.979127895214 6.056747066941
73.728649942396 -32.091655242727
0.210624036489 31.486986857764
16.331730537086 14.316420996282
-93.749112846865 -54.417927875144
6.324808812317 -22.835065612414
-0.065228180496 36.961684570943
65.119471733876 -19.334194635579
-18.984124057084 -0.402243103995
-22.859056782160 -51.729837963915
84.400613966588 1.094363128683
-57.317509065831 5.501273548850
13.567305872086 68.102302044172
36.516209007424 52.395851795666
12.295336221746 82.424567747942
-45.279904739051 39.744124866697
93.071367151527 -9.928466611623
7.017129843899 -39.558045761165
-29.414168654211 17.938396673249
-2.656326146206 11.843556142093
-2.742833376568 -3.468089901197
28.658413794721 -25.151633415706
-16.794465630420 -37.566773516901
34.302408057306 -4.728230027607
23.349264881294 -10.186184090650
-7.126086017281 -59.090019798970
43.961948579396 -3.556028193262
60.088116205913 29.624907438896
39.418804542085 -41.812099492462
-15.796021810481 20.464667651267
3.664283939057 -50.765734823467
10.035110405277 42.642705236417
-36.213657648349 -40.863472174074
0.752053832550 53.513717347148
-4.716513440157 -9.950706718735
-7.589022904626 -41.967078573387
27.017951337535 -110.693055900843
-34.317089063806 46.443617117899
-66.574415569608 -67.277497712112
-70.886097729729 33.825838310614
1.233368605756 12.139752716581
45.655131752636 5.311875132870
46.205902253941 34.247868520876
-18.167069213197 -11.996968222595
-9.227697369755 9.819036667174
-82.142883758096 -16.562274687261
18.327510139501 -60.496262907800
-8.485584089851 15.871927680668
-8.408585254386 3.106789787449
35.653730801691 36.071219307227
38.285601849035 -18.626945116569
-13.155442137121 50.962812159181
-54.718638751152 22.507518523658
31.887055231951 19.526201341245
65.930700175693 17.657830573118
29.368175737188 54.506089800872
23.678289483003 -24.997344427593
-33.837424716195 23.917029015361
-12.245037857147 51.132381096533
40.526709045568 33.990005853358
28.195128141807 -17.970576564091
-4.276812955253 39.119943298700
5.200629334906 30.503158154203
55.827196581614 18.512595582314
-13.435270132088 38.964693999056
-27.025121170942 -26.701678101540
68.163209464767 12.231960715135
63.305104131212 7.307211906825
52.165889410185 2.112337106553
-0.415123185438 1.549457841576
-16.997531218734 -43.024000421220
8.801403428858 29.365199927648
74.910422886184 -48.283511220376
61.448477287741 -64.423003152730
-8.100939435997 38.459031248813
1.437746336424 -24.257315965447
-23.244380833479 -4.496879774359
5.006105716098 -38.912017846828
4.451695765294 55.148561165743
-38.321954397402 18.436409640053
-2.167933195451 -24.600797589808
58.850832670538 -29.925666250502
-12.351115133296 -35.078397100298
-29.740811665866 -38.996599295746
12.474645307653 -29.531570002980
12.534808789355 -13.090964785301
7.416148717165 -9.735665897137
1.970813095159 -2.903581613149
-14.501657292768 -4.966166572514
46.718046998038 -32.808605814908
-4.215479763367 19.113172353043
11.034991146318 17.074458059642
13.606009771551 67.087907957078
27.664037295386 -19.028965814904
72.187059303412 -103.987136640555
-61.076071300768 -26.633342793244
54.657251180169 0.200177532000
13.106332438319 -5.747561701895
-58.951502812743 111.964718217108
20.213027557047 -2.243986748409
15.162217811828 6.879606424103
-16.880397113967 16.637867516074
-11.094426643603 10.229658898405
-57.570185359184 -71.996028047509
11.268834564414 70.162336794132
-36.325654413824 0.165826317941
63.807750814118 12.179494222312
37.435937702633 3.383434882656
41.280050418153 33.436574950527
93.689419206446 -52.953765611750
-2.247588821155 60.121392040920
-8.240704527297 -64.483313156500
-16.292919204588 17.600986253954
-41.384927755507 -21.918061524200
20.366149183107 38.188921259805
16.709434591192 -16.888879819735
-11.246903474020 10.938213255389
25.495380683980 33.951463910444
-80.978033838893 -1.769048606066
-80.850783571443 -7.780501335634
8.008665776272 -38.656232447307
39.031462366193 16.911511591748
60.458227918413 -16.324828433682
88.448653388402 22.629141817141
-22.967901642425 26.975745000275
17.324265801992 -48.531111814369
-3.082338324449 23.654388015799
6.836132888060 3.363556931202
21.535328226856 15.978164654903
-50.237923851861 46.758989405096
63.487276177355 -9.436757346338
39.533589253721 22.277573454189
89.361716799376 -9.735329957316
-12.488959706067 33.778383043305
47.218310468065 80.217816504300
-51.203205255513 9.786365939120
13.697678609398 30.331027722737
-17.305228959578 17.863155982470
7.286697986858 60.565338432054
-10.764151565516 72.949579555206
71.148084807077 12.389868693938
-20.730445746976 24.466635307392
25.655662804956 -19.997394462771
-19.004046028621 -23.582872592861
6.429240628650 -104.036367004637
-22.523832409717 -18.050692019418
-30.492950728245 -72.860518906360
-26.237492855093 -10.161593285491
-2.314066786887 30.933161372602
-12.045762491087 35.618685932839
42.099075825563 4.150614728652
-33.017191385720 -6.565473247102
-36.737746557744 32.228369214537
15.544423232499 -40.005113616665
-5.851818564813 -14.776186491005
-36.329501546645 -61.487048048670
-3.709976762272 19.803772034005
15.655735833175 -3.342315906865
-22.463374499511 32.642317043939
-27.824127552854 -27.170474236739
28.881508139824 -65.036412463157
-45.322329380668 1.689622413043
-29.733035557781 -37.607859286706
4.220187288497 -1.736656149505
-41.810742863134 11.690702629237
59.037420403486 -1.459611695092
-0.614902736586 13.176651617400
3.203680148598 -34.191467537035
60.101568026423 -23.813520220611
61.544083448835 -13.420487338956
-26.891664815732 -3.706574271596
-15.224998493977 2.808651400623
5.208973492363 12.598223223125
36.185845120784 53.216630597581
32.292632706526 55.253786436209
90.280550286090 -37.402924357678
-65.550146732639 -69.860577632109
-23.102955770709 -44.693593090913
-12.967315195575 2.157132421534
-18.421522289702 -4.556795741421
-29.138530127924 6.060091891175
12.470527100420 12.404322257533
27.311267694890 -7.438388910738
10.450196921227 44.536325788012
-12.769289346598 -9.460193021915
-14.436885993039 14.935108188087
3.367852309948 36.726629367238
26.912057149033 -54.752427215211
14.805443184379 -8.389539669376
56.567283165151 49.533703207062
45.468051364065 45.594815145668
35.506663108263 -34.046926313266
-50.749585787074 -23.760613991429
13.656011362774 -30.523592945361
42.158961074844 33.130421286756
-28.864799346703 -3.836139363142
-21.957582528139 26.836492198050
35.391478742256 -5.184341654263
-5.223287512581 68.720120782414
-20.198876400721 -6.636363853236
61.712812838725 -98.578346129139
41.284967671598 10.252003778561
51.185658655713 44.846195592506
-29.187207237837 -5.277503719426
33.026743431717 -20.302295652307
86.625106333295 20.823619573432
31.393644946048 -50.459607133605
35.404700300811 -13.233779058678
34.343466390420 48.381766593564
-41.264969547399 -72.330909279736
-29.659563234906 104.087554369490
-27.944811652946 0.373973248838
42.809024979969 5.812096684307
12.357971319392 -6.236759403950
27.859451986407 66.595540102506
-46.823207449667 56.812945729062
-10.674059637953 59.875803055173
-7.973246278862 24.516228165986
-10.182056516333 1.485933467445
10.162882236923 -28.344928398018
-31.802469507074 2.872674166162
2.385305349488 25.598878060644
27.340859098123 48.289339533170
53.911315177956 -74.340577417134
-30.885342129433 3.277571243085
12.492863170608 -43.438137013830
-4.589495679480 -34.697302053766
-36.608649723500 -76.829390034705
-54.727424726793 -37.190195591200
-29.250296935618 40.266526784748
36.651203932393 19.229436716849
29.906792416058 54.694956273713
55.282633819208 59.956051526231
-18.210920438484 43.082319363403
-10.465523430216 -17.959998507188
6.229985161780 -98.536953556515
74.675216643246 6.099637143463
-33.106805424951 21.635150025107
-43.728648556607 -0.695906790448
12.311208122706 67.878712154282
-10.762850553706 -42.392912240812
40.577272225057 -9.914714871756
-11.949859353446 -44.078759906831
-31.372933833057 -7.483615260039
-8.399812626043 44.105446473204
5.545183571827 9.174394460586
-74.013419061175 -9.411867953212
43.478965425531 44.448105487894
24.599301002261 42.379630117314
12.050145967700 -8.948601954696
-23.289343550607 40.816056364072
-19.181991935501 -12.516642389155
-20.182416250658 -20.794259954874
29.317444051399 -17.900709252432
9.465162135917 12.941946853489
-24.992808503251 33.169733683619
-2.517401089274 -5.345323721455
61.659304982715 40.991475182473
-11.487061147576 21.938965791723
-22.788280936195 -22.912325923244
29.975722386787 -31.489398610706
-25.611878296569 33.161571740764
21.404963164673 -0.226439165773
-52.237684537338 24.689831565949
-9.307738323251 9.673658342126
28.129987927875 7.967753469595
-31.968897090550 63.051336786715
35.923255634976 -17.145470671439
-22.614789302351 -20.440663089646
38.421547376339 5.041442625407
49.481471270350 -3.427300982475
-15.934490462513 3.720475901538
-46.599623323608 36.440080860188
-25.044694643348 -14.827838460253
-22.703972252044 16.203244482658
-28.077206330340 38.328231611330
36.932949043384 16.558372995050
20.191756484789 67.553682884186
20.709251087627 60.237870138922
42.209435348963 0.705783029928
22.787513431264 1.467704731851
20.985634885122 12.122204827860
45.780016074173 12.346307459822
69.411317161218 26.387782127541
-13.604375004485 5.401387234331
34.972093033397 -33.239011874588
51.949492663131 -30.433357883986
-6.862582987344 -70.299628473383
-48.629053684166 16.331761500872
0.743524097347 70.940242053073
-15.668500067424 -56.896559298837
-15.041915027181 -98.309840710792
32.235086613667 -1.710684283165
-15.860177709536 -55.149478634891
17.033148855487 -47.841839245790
-33.612576562118 34.846101588338
-39.625995613563 33.369574006638
-9.854631994291 0.528049378594
57.116540324745 -6.018755007234
5.911352683843 -20.321738662334
-54.516917409024 -23.753997347472
24.752110571922 6.631311677208
7.246822976095 -28.637540386481
41.490324553495 -52.955847456590
39.054263076647 23.792130439618
9.459686727590 60.020359566715
23.004012048272 1.132366641854
-6.604659301573 -21.217866669028
31.859512763113 47.353099046011
-42.413996756387 -30.021203162157
-15.420996517990 -26.669603019237
11.090983426099 119.219905687113
12.236062590172 21.065830630771
-23.002290434065 49.934398991914
-46.957334247833 -10.233084874152
58.211317406385 66.010643078766
-25.597774523535 -77.715761631696
6.495713186895 -21.268853204766
-42.127160980541 11.331453739875
19.472688674888 37.068457784858
5.717858661308 11.227490650831
5.125677084607 10.645733388080
0.296570996439 -34.683636482865
-32.421896852983 57.736545357632
4.224261790675 4.767586577335
-22.754599835744 -21.634275681601
2.274270941568 -13.775970035470
-52.088216548084 -4.505856830980
61.940440231347 30.310906885944
52.335669341922 17.224527687081
27.588584994590 -13.578302438347
-22.907923746623 -11.416899306063
22.943411413621 -19.853189944503
5.038583306121 21.192704316174
19.934533947320 5.445384741289
-17.902140103254 -20.917639002340
-27.500063586106 30.432077056086
70.318308324537 17.060249217427
-37.910934025780 -12.731194336682
-1.885304382717 -47.662795987544
-16.510830866763 26.388088605093
32.438784045332 29.350963863936
-5.729121338138 43.600091755787
-37.161830089083 3.140483894892
36.272069996864 -30.907150390905
25.156211530725 39.601707535302
-23.607223726584 5.828805793171
-23.812948929686 -8.482016325604
16.228366745197 5.899235169290
32.562112643019 0.017634110490
6.939407672579 39.268232641981
-0.808201425569 3.453118317320
-29.966025094347 -50.217750299533
-24.844137848560 -33.441054964317
18.796223385104 38.221472020890
-51.830034857134 10.000068511799
48.663710758783 39.231896436380
-32.945601950632 -18.121275830029
11.820553250508 -14.158845666428
1.163470905426 -56.205882891204
-40.005166434619 -18.451782051296
32.407835203630 22.382309013569
-17.545607593182 56.916692300201
64.555721053631 -20.954394914479
-20.193860676126 -16.543883203388
-15.249457815381 -28.431291960089
-57.469508793267 -13.867684223903
22.704291487754 -16.227240750768
32.212774177829 54.583527180474
31.224790517438 -13.861417192774
-22.984635067118 28.664091572843
15.106019663815 -72.528823755545
-20.411101579895 -38.463220372684
-6.388133596232 60.691055914316
57.946893992285 -8.751314776201
58.388520771206 35.594897048960
56.821668421611 -7.912944611458
-12.616687103000 -37.172889099170
52.238098561216 10.098066775306
4.286002328039 15.291836156726
-14.173434136048 45.512280365517
-20.072911258759 7.989441976259
-51.393602556471 29.273714887740
-26.458606383728 45.464035005298
14.648644337374 11.303137676234
8.719009246407 -32.776690784387
-6.864993572649 20.431520675190
-67.092695121972 -0.329964970778
26.464919115761 3.283468283255
10.358427570039 -30.299104858364
2.795429814940 26.804331373501
7.980030991118 41.586821365996
54.805353537841 15.972243930380
1.713342472678 27.011291470784
-3.648164455709 -20.905877759544
-30.613750038838 -19.669471138977
32.183978244763 -23.226893293027
29.631743487757 -46.150265600235
-41.857230576736 66.698495488662
-25.747489511420 -16.481856871275
-2.392967289640 21.240308107661
28.293658395665 -67.155656858308
10.561275817286 -44.446668177910
-25.063355720839 -10.023744704490
-20.539389421377 15.657344614404
12.198993899526 54.523353989140
-16.946419520052 46.733903286844
27.856104733916 -19.257760082055
30.893070929362 -24.828867257100
30.511039204836 36.291230176170
40.389679775012 0.423126583352
35.080804086473 -55.630618855117
-27.908952081132 8.689167241501
36.566802002203 17.111797706285
1.992130895777 32.969897791194
22.856750658727 -6.968589207237
52.613884328622 15.247504764670
22.578473739323 48.211525437154
-12.843723119210 15.903338115983
16.983204939236 -25.333934006730
24.585084268161 -22.789514135178
20.215939809252 49.193662289432
-18.096293283289 10.090030894756
27.026380299300 -67.639682945092
-6.734596321730 -43.297862223028
-40.473345236429 -66.620031295227
4.866844030869 -2.755297349467
-2.473248354850 1.321111510403
-9.850269228290 -33.754041519822
-28.996683496882 12.843730248977
-27.861411329962 16.369748347382
38.429747509813 -8.732399935134
11.009075225645 -11.464482702708
-8.808261254222 -14.155617780715
-10.045574530333 -26.291102790882
-1.116190799996 5.025020641119
34.767315674562 -40.719054760070
-7.410793863553 -31.449430051288
22.083247188217 0.941484818176
7.064939487145 3.109240902085
34.287409923611 -21.090772366783
-25.788281509369 -7.163638851755
-14.285995112023 34.024430993059
-7.103044326914 -24.277586616717
22.393459672481 -23.377304294837
-15.940975207263 -27.098583656743
-25.530642581203 50.144272592922
-32.188632062697 -3.994546976410
0.546191872020 35.288226150173
-3.178346761937 -5.050782098015
4.435255590445 -35.528769280491
-16.151056842298 5.632897955784
18.237716425935 8.949944233568
-40.434281662199 1.796524585628
-17.441153528891 14.600473624572
-0.965318427574 50.692013952911
-23.459540903075 2.517526119155
22.067693277291 42.886755666026
14.632066708771 6.492628146252
18.946088263426 -17.648154732026
-20.232448632736 8.473353579857
-13.625359145913 26.719375144703
-1.668640590934 47.862185887848
22.364454671328 -13.525873749765
3.930057590287 21.428669466532
36.936989424082 36.221699682179
13.047561553117 21.794828586658
-19.618954120713 -45.372183400789
34.648521806978 14.774957314263
17.575549696562 20.510198742135
15.113258732904 -26.786465184219
-3.863972491864 -18.125024269987
31.833315353049 17.218518335435
-25.497229387858 48.330530301317
0.449981783908 -16.244130519706
-6.650579833160 -39.490842766199
-15.303221630201 -18.600730575904
-29.434210347202 8.158757201536
-28.493160440410 17.082529159048
-2.138087286437 45.352155672334
12.257959135594 21.910938583073
-13.697899472432 12.345831199464
52.532881289983 1.973762978579
23.237951601049 1.901394336121
-23.839042808466 11.757146457737
3.587108247182 0.471414757897
6.771138812952 28.279854635999
-17.541710501804 18.455014391032
0.667369775008 0.131083250149
43.609511852925 -2.733037000939
-0.272567102804 -31.241062989161
-0.625006338053 26.958178320395
15.857834686386 -7.342731451698
1.360814114800 -10.758773899413
8.316895094802 -13.655584615329
45.173019369261 15.674498947821
-3.103326970715 9.010277586385
-23.369801269510 -34.299667241298
17.001898503902 -5.688116762891
42.523549964234 30.075124594812
0.336492541394 9.834782736169
25.836849757338 -5.719608952166
40.961279024386 -13.813489694756
7.737708410472 -28.660590745907
-40.017136653531 15.145028334652
-21.662353686231 -34.619734598546
-47.066805331044 25.849147007835
8.135095272878 -47.145719887985
-36.965997649668 3.152696060696
18.048529849478 -12.823247207273
-43.819974639337 -55.095049877126
32.071580123667 -26.220219276631
-39.039740421471 12.582691495615
15.461260136287 0.250434923361
1.040229309189 -7.804699931295
2.015433457785 14.015258571781
-0.702716967266 9.290409687396
26.256146158134 -2.276060903067
16.243115371799 -8.235642140141
-20.760269283494 16.799606995099
-75.505507975144 -0.947051220321
-17.844432756944 19.618110391585
31.999466660848 1.705547715085
-47.097755817701 10.865361357670
15.303777824433 -0.215862513519
35.934905913785 -29.568147715436
-2.331242558426 21.709887815761
7.420552540497 -3.512569412450
6.517139750968 30.506379168423
-5.840368239407 20.388380493059
-3.211267868830 29.485909120220
-5.578665166809 -22.103115305091
29.887137487455 11.046975584675
-18.986966462468 -33.805998400568
-19.781012500435 -9.413758321705
27.761610906678 -11.155977177809
-13.445048900537 27.108413682626
-1.824652160327 -21.214345483056
50.506623842539 36.945161813334
5.037797216675 -14.280886013904
0.114815626259 -0.998086000159
6.727011792855 -46.716157295114
2.034120994333 -5.460923539566
-18.992545537910 10.946199226133
28.277471437809 49.357682981599
-45.979956756642 30.168059731947
-14.666415770739 64.790890654875
25.885147340613 -17.227125107471
43.386492634932 -7.526028306382
33.877562978290 -27.893249765389
0.619159213637 -17.756087405829
11.101974451553 -16.913807922494
10.110452774729 -53.903713607186
14.348468963903 -2.334384865791
-30.287853415628 -5.453003482005
-2.392210585441 -41.423141497962
-32.963944894740 -24.595374317592
24.480697601252 -24.327036346092
-15.348712822598 -12.036560402172
-38.145867801432 -20.536932496602
-24.206326835327 29.158598147453
-25.215104187829 46.048548106547
1.703136677400 -24.341560749757
-1.665658065472 61.858550916644
27.492855323428 -18.140280277555
-50.663434240892 -6.255396270920
7.309571767936 -27.406539326414
-28.044815580299 19.380257067514
-30.997102653611 27.236812041903
14.390276795580 29.591487076576
-22.757337165610 5.649032158431
-2.605335166738 23.188647545866
13.025207503558 9.502264870092
-3.806113945995 -19.091294203440
52.552812832563 28.933029928608
31.912797508641 6.627306878444
-32.247498569905 -29.937101847482
-3.043672049314 30.884650074999
-9.452756010650 17.367925276177
24.822336807483 -11.083963367866
16.760464193077 -23.413431763742
49.627691843618 -3.731915506858
-14.750013689226 -29.343720059752
-8.405107071033 0.393798514877
19.322273075019 -8.663886189001
-16.704578071570 -17.548627403373
13.946319393324 -7.747582602211
-32.284098887580 11.814122701065
-5.860416601247 -13.464357002373
4.044953794563 -1.626919600068
-4.141970772870 7.983180063605
5.395937656166 -11.848412103210
-19.527577892657 23.921480348771
-44.081043910588 4.581662365504
-17.447957034174 13.465251509265
23.812162336602 3.404521756308
-13.763744080498 25.316250818151
-7.830818671393 41.111660580725
-30.645063543181 -11.012589400694
-31.721233258804 -0.045301381840
21.476537280988 -6.152980039715
41.210444429345 40.652874029223
-12.304585809087 26.484301016133
3.068063434655 58.572643981526
8.024852667856 -33.092670076616
15.549969474326 54.675835566513
-17.055542690849 40.115385343153
20.888477601914 -44.912214365934
28.384254021186 8.262289314800
15.452535347921 41.778619938506
20.774284333322 3.336324383597
33.078949422395 11.286224643543
34.255879577964 3.813811425414
-11.926910915822 10.091466687430
12.482327243602 13.903271317855
4.508373536445 -21.006008168787
48.969170545266 44.339461480586
32.314746226721 46.697968558412
16.558021734078 -3.748115839479
8.129622818789 -26.120161881532
40.658801229564 26.171586469153
31.280607166421 -28.377324743147
-11.201796682401 -6.750604974528
5.239592818962 4.259134877514
-26.059906359618 -18.769530858263
17.218060396560 5.823337930113
-8.150273954981 13.415428583180
11.507629786796 -8.952816607818
-1.513106049192 -29.532750730343
18.831572672661 -1.216651152524
22.835618277591 -19.710024841209
-7.942757458788 -26.463684315739
3.744424789607 46.133901387508
19.126912599153 -49.316423114355
-13.502477285124 -3.724937632552
-16.939514670360 -15.668305427854
37.899796554755 35.724030121411
-9.279102537577 -2.634676359626
-41.183020328090 -17.760362194190
33.320152090056 -29.167731139863
17.444284476848 2.792854284670
-1.805291188830 -23.188469783589
-14.331859603588 -6.614424988734
-7.269490848918 -1.775727470679
-46.355641813598 -0.486777831898
-26.214589560176 12.108701558756
-8.696225661281 1.139547390144
10.306181238790 -7.835457375082
-17.275526357261 6.205959248979
-1.026057847951 10.267465451771
-5.992890607140 15.651897630414
2.132075729410 8.796401617276
7.838381813492 28.513147755133
34.386788986936 -4.012101721055
0.289647818536 12.707168980740
-17.718995207376 16.903422596938
51.193896996098 -12.209940234130
1.033823029426 -12.759883181991
-1.086119547783 -0.059426616972
12.109361501715 -2.253461192825
-20.971170925488 -7.920654174435
-5.612105035940 37.815512883112
7.498398019430 3.765957992700
14.166083421641 -25.122923449055
-28.501766069443 -24.833104579725
-2.300134157336 10.993353672279
-36.461914375066 -13.054809144030
-18.147165744541 -23.543601227432
-23.039759902289 -0.991794529880
-30.454397551681 -18.315700174317
5.986077763376 -37.250080463257
-39.435816590258 39.131027409776
9.482030655610 -23.233962135213
-38.895880742598 3.519521154125
-4.125811065578 -8.648823427576
28.274840115058 24.878819754199
4.899558648556 1.923436756682
-2.800141697879 -0.527832611228
-3.684471673009 0.971340380206
68.254547037918 -35.240258942071
-5.768341930840 -8.991611591485
-45.558437583831 3.695256585476
18.913829260914 2.794071247767
2.227079461978 -16.461352004896
0.886077728315 9.613118511478
-3.714381142759 1.236631078944
-51.952474665858 -13.613786206248
17.018343098691 -10.227550814471
14.761217950402 1.879742886680
-13.398698547185 -0.627888229619
14.865698669563 -17.385660852939
-20.866789348697 -33.548326496186
25.756981659670 -12.544930734600
-7.644578317400 21.828841107335
0.800763753672 23.714435799033
-23.466322910384 10.046682591177
-30.802852764546 -7.318354778908
17.033426078084 8.748870782996
-13.951710202369 -30.862974842875
-0.478183266511 6.022798554259
-3.518452750396 32.000182553451
-2.254557529297 -21.793274824924
-4.147289165240 -8.926298800288
5.764740627025 0.771995185330
6.290737340476 12.635669818267
15.379564295298 -15.004387785178
-7.999350910714 -51.365045854405
-17.756597369960 1.557622789984
4.243712527243 -30.597640009040
-7.292293639794 -15.647688204313
-11.769979857215 -31.648615506895
-10.936348081043 12.826742884404
-25.515502730519 -42.220518609846
-27.465905421219 -4.007911412724
-1.403927068531 14.336674505377
-51.551808454680 18.817533926301
13.682526045914 14.616463850067
-31.681421590211 40.613679933126
-2.706321564302 -4.073956174793
5.644228375837 18.349288969176
18.938107052548 15.796816706382
-4.013009089438 23.053518164144
4.980339088497 31.642165072981
9.220530706009 5.577448830622
-5.953650851546 31.215999736231
-5.666269055153 -5.576157859340
-6.120864310135 3.391376778060
13.184195965026 12.630567006885
-1.601366658584 14.218976179292
-6.173001630843 12.108526264295
-12.677080590379 2.573033591676
-17.838079071922 21.889773808415
-3.180097354371 -26.625165286650
10.714109353243 11.234971199846
8.646395440897 25.741398079086
11.790989878356 -1.267383995185
-41.884614128875 -13.822247521927
0.225141747717 -17.294930224224
-10.330317457137 3.399325698143
12.677601165573 8.938055413139
9.560443148782 -10.005424168998
-20.628922622304 12.276249248135
5.523169625976 -3.358533025799
4.776869377340 -3.928316887853
-13.669681572566 -13.529081672568
8.470780542874 -0.119689820982
-3.358394963276 -19.978777497581
13.666261286827 30.319180363955
-6.416713656404 13.366879925055
16.283682238701 9.010334980918
27.935532170110 -0.531795875040
27.074670552368 14.976421932857
-9.674917613521 0.245639353908
4.723934155267 12.589489608560
2.076611052521 -40.298545507983
15.198392555621 26.021770316754
-10.243688659701 -12.428753673675
7.495703509125 13.231993576822
4.252601812075 1.988864553251
-39.895730381511 1.282456866619
22.424439722106 0.681608645249
5.533021017662 21.116966249399
-3.795447858528 22.865742226368
-27.910583345243 5.037612419639
-2.220850476501 31.314269327709
-17.477100289156 16.126445988019
28.065350030588 -17.400045513887
14.789305915295 8.474402522866
1.656454125587 24.136787161584
11.913189833219 -20.927886830827
-11.874208412764 -2.628531526723
15.798713203868 4.053223353870
-5.670440719824 -24.212551327958
7.983560007186 -10.833577691410
-1.869703548816 -10.590764734805
-8.640783214688 -11.096965395629
16.657720404869 -10.507254061358
-20.447993589104 -3.769888379560
-8.112285696729 -14.470889306607
-9.617346390633 5.962333857839
-13.255549455274 15.965867049364
10.232754210907 -11.333784379707
13.897622863688 3.992314275235
-15.782886960008 7.161346773847
12.092743431769 33.201668286191
-32.516349148600 -4.161054241622
28.771340526188 -6.089332896028
3.863478099731 3.836355109382
12.520916348529 2.260147404353
0.683464025583 -24.440997941527
-4.439126100036 -1.979640420605
12.448478559466 9.046098959088
-13.763867320313 -4.124508286813
6.072647824468 -6.293397104842
2.179640028321 22.114853116607
13.181100888755 -31.913557147301
3.155708105903 4.436777575338
-4.649663223198 4.448876532687
-12.581857362144 -1.150883783157
-28.908205520264 -3.801755563229
19.569956341315 -5.588654308437
-11.165709440998 -1.592509319767
-15.896143242082 -19.462706480960
-10.552001654326 15.871693220971
-10.886502102114 0.849609507893
-28.893887260566 8.548498295532
11.251968227165 -1.152697355713
4.130455833513 3.324528634898
9.001423065048 26.845694095717
-21.493534230601 -22.722377653334
-0.711047605578 24.934657252102
-1.580863667417 -14.583998543338
-4.420237376755 7.930466058478
21.212823926654 -8.113959970078
21.312669300844 10.609298045239
29.338039636711 0.183257466786
17.598591701108 -16.346859815161
21.178824162923 0.760534290884
6.580209707559 -19.730042740691
-7.347497978350 -14.718735333849
16.259274853562 -16.829389862017
-3.102301443719 -4.851764289990
-18.045346901163 -10.429396740444
12.731867111310 -16.705821131920
-6.879541519300 -26.664907851702
-22.561399015426 6.908115156729
0.298440052033 -7.525359689805
-7.596619900589 -3.199334764581
-23.083577633242 0.036542592576
-10.576177908436 -7.665647197051
8.805645620307 12.200338175529
-5.433420378523 11.308309992148
-11.965077860575 -2.623106629633
4.087989670503 4.263788866750
-14.707527998185 -7.927408746046
-19.588817254371 -7.876205619632
2.498892016284 -7.207160759246
2.870065162279 16.285277370022
-1.935282983875 -7.840934270859
-3.307787660282 -32.307693389642
-13.332102211152 -6.031988992897
-6.873780950879 -21.902125387779
-5.322782886871 -5.516041133114
-3.603128478854 2.492223318072
-3.426771460156 -10.181455282432
-12.003675526508 0.864023999490
2.884777092598 -17.591388592210
-8.593222177071 4.595480367193
11.741919243745 -19.944905750679
-12.645080839478 -5.139230157546
0.130410515035 -1.273846607385
-17.412923477326 -1.499315555323
-13.731013349621 6.421503366075
2.636906976925 -11.271389284205
-15.550028073432 7.118593897174
-12.551231326181 4.783106497656
-3.042856191214 11.336486111811
3.297359534768 0.921639536430
9.929256082517 7.400936318222
-13.243748491927 -8.610288090149
-0.781750973803 2.898333197005
4.413605252345 2.592571120811
-7.852546718788 14.584862444639
11.181935120806 -0.765110417537
-2.614251462345 -5.263347080993
15.104425999508 -9.688316667295
1.638421328292 -7.386700501518
-18.961210810605 1.368112499614
7.068881046194 8.858711674168
0.854876527727 1.945760219222
-3.628067907846 7.041700247559
0.010679935665 -7.952394257499
1.739802634444 19.239805060021
0.743766279275 -4.223720669116
-4.702334263253 13.208197578621
-1.663432911629 13.215430863705
3.293750039173 7.173324233886
-1.862469070752 -9.011487595119
5.157489326154 4.889392916576
3.566303329758 -10.425216648214
12.483924888982 4.591047725017
3.843924226953 -5.315345302671
-1.302480013454 8.618586820365
15.950518806407 6.131705018768
1.272013763293 -2.593543804081
7.031241536953 -3.502332499740
10.690585127006 -7.208705332573
11.968532158187 -9.549855660525
-2.795076929673 2.275883626567
9.016851838980 -5.661819885140
7.796921647214 1.045731799877
5.741918141342 -5.855922394748
-12.173122376477 3.370110005423
-4.968469273092 -2.400991385407
3.629518740219 -0.586754971934
-0.517239168874 2.341807071101
0.847286820877 -12.792117534526
5.750994465586 -2.924141087680
-1.724681272373 3.066835090367
-2.172354355310 2.092986068243
-5.498717974307 11.642952164343
-3.922053744228 -3.112819797468
-5.010200380039 1.193684723955
-1.776840539661 -2.738987823160
4.710780148301 -5.140199796364
4.108797074041 -4.584121533241
1.195180628537 0.491943243438
1.707843792628 1.886882513522
-0.880806471409 0.891838158989
-2.761203770932 3.842333556833
1.363683440287 -0.097108141455
1.326986813318 -3.039656871920
-3.457372908347 -2.415568277948
