1.764052345968 1.712305221343
0.400157208367 -0.792115020565
0.978737984106 -1.045524557069
2.240893199201 -1.084856059461
1.867557990150 1.117305315537
-0.977277879876 -0.518900204425
0.950088417526 -0.753704466181
-0.151357208298 0.137689825903
-0.103218851794 -0.206944710557
0.410598501938 -0.678095460786
0.144043571161 0.753991466978
1.454273506963 1.065315492098
0.761037725147 0.985317508940
0.121675016493 0.766919669661
0.443863232745 0.402625531130
0.333674327374 -1.775887999962
1.494079073158 1.669250806377
-0.205158263766 0.301989210358
0.313067701651 0.608156427601
-0.854095739302 1.114962322947
-2.552989815834 1.433352502882
0.653618595440 0.418398011309
0.864436198860 0.435546159296
-0.742165020406 -0.599224277460
2.269754623988 0.033089751139
-1.454365674599 -0.854161260814
0.045758517301 -0.719940532142
-0.187183850026 -0.893574402314
1.532779214358 -0.156023890997
1.469358769900 1.049093187920
0.154947425697 3.170974773290
0.378162519602 0.189499637548
-0.887785747630 -1.348413087756
-1.980796468224 1.264983329856
-0.347912149326 -0.300783876476
0.156348969104 -0.660608593977
1.230290680728 0.209849477923
1.202379848784 -1.240624599556
-0.387326817408 0.222463164009
-0.302302750575 -0.088375523199
-1.048552965067 0.098377906815
-1.420017937179 0.381416254209
-1.706270190625 0.067492257241
1.950775395232 0.016338084113
-0.509652181752 0.284314518998
-0.438074301611 0.415400626171
-1.252795360050 -1.031482460315
0.777490355832 -1.429991258685
-1.613897847558 -0.061638052172
-0.212740280214 -1.432735489934
-0.895466561194 0.087531470922
0.386902497859 0.938746875682
-0.510805137569 0.607111671916
-1.180632184122 -1.048170406825
-0.028182228339 -0.860262451958
0.428331870530 0.328301295001
0.066517222383 -0.401297805134
0.302471897740 -0.316655295052
-0.634322093681 0.596906481248
-0.362741165987 -0.987286693458
-0.672460447776 -0.401234709911
-0.359553161541 -0.800082476085
-0.813146282044 -1.043129498035
-1.726282602332 -0.857078188671
0.177426142254 0.677462169346
-0.401780936208 0.051820389482
-1.630198346966 -0.879160628835
0.462782255526 -0.231101607593
-0.907298364383 -1.638807307122
0.051945395796 -0.733312807584
0.729090562178 2.149574534867
0.128982910757 -0.090243849666
1.139400684543 0.731658927030
-1.234825820354 -0.065488375144
0.402341641178 0.348169235242
-0.684810090940 0.663258089679
-0.870797149182 -1.104616597526
-0.578849664764 -0.030936257274
-0.311552532127 1.578865194416
0.056165342230 -0.795500550053
-1.165149840783 -0.566439853732
0.900826486954 -0.307691277367
0.465662439730 0.269024073176
-1.536243686277 0.524917863646
1.488252193796 1.267411654819
1.895889176031 0.499498233469
1.178779571160 -0.062053125798
-0.179924835812 1.259167129611
-1.070752621511 0.704111022142
1.054451726931 -1.495679516257
-0.403176946973 2.526368240356
1.222445070382 1.769921388197
0.208274978077 -0.168214222767
0.976639036484 0.377910101738
0.356366397174 1.324358749996
0.706573168192 -0.172200792697
0.010500020721 0.730351790377
1.785870493906 1.104578473571
0.126912092704 -1.014825907734
0.401989363445 -0.602331853583
1.883150697056 0.921408397811
-1.347759061142 0.460814477149
-1.270484998486 0.923796560314
0.969396708158 -0.132568014654
-1.173123405114 -0.289005210954
1.943621185649 -1.998639475583
-0.413618980760 -1.146000426507
-0.747454811441 0.047066094658
1.922942026480 0.824557219564
1.480514791434 0.531178366536
1.867558960427 -0.128241974028
0.906044658275 -0.271771566491
-0.861225685055 0.217179632638
1.910064953099 0.078211181092
-0.268003370951 1.404545514940
0.802456395796 0.146440770478
0.947251967774 -1.481245962197
-0.155010093091 -1.272558135032
0.614079370346 1.518759336964
0.922206671567 -1.171160461450
0.376425531156 0.764497453034
-1.099400790584 -0.268372735209
0.298238174206 -0.169758293902
1.326385896687 -0.134132782768
-0.694567859731 1.221384959459
-0.149634540328 -0.192841828544
-0.435153551722 -0.033319282845
1.849263728479 -1.530803497399
0.672294757012 0.206690511708
0.407461836241 0.531042506978
-0.769916074445 0.239145580654
0.539249191292 1.397896261087
-0.674332660657 0.055171354780
0.031830558274 0.298977456119
-0.635846078379 1.648504010268
0.676433294947 -1.550014189358
0.576590816615 -0.455825347799
-0.208298755578 1.426158752019
0.396006712662 0.936129148311
-1.093061508731 0.678380098840
-1.491257592706 0.832650739464
0.439391701265 0.327066209121
0.166673495373 1.631597427532
0.635031436892 0.377759169731
2.383144774864 0.239867105895
0.944479486990 0.158958674126
-0.912822225444 0.192863955550
1.117016288096 -1.157017280816
-1.315907410512 0.770673054463
-0.461584604815 -0.130439733783
-0.068241605325 1.821915097860
1.713342721649 -0.075650470588
-0.744754822048 0.420918284176
-0.826438538659 0.246602186261
-0.098452524425 -0.625557035109
-0.663478286362 0.992136828519
1.126635922107 1.905063640560
-1.079931508363 -0.014777219660
-1.147468652411 -0.300478785585
-0.437820044744 -0.355028731055
-0.498032450692 -1.892361893317
1.929532053817 -0.177813143703
0.949420806926 0.250998116008
0.087551241385 1.054757925180
-1.225435518830 0.960047741150
0.844362976402 -0.416499082437
-1.000215347390 -0.276822994774
-1.544771096778 1.123905305614
1.188029792352 -0.173463897073
0.316942611925 -0.510029539756
0.920858823781 1.392518449434
0.318727652943 1.037585667051
0.856830611903 0.018791791774
-0.651025593300 -0.593777447779
-1.034242841784 -2.011880319245
0.681594518282 0.589703605575
-0.803409664174 -0.896369722552
-0.689549777750 -1.962732009141
-0.455532503517 1.584820527349
0.017479159025 0.647967791010
-0.353993911253 -1.139008193117
-1.374951293418 -1.214401382959
-0.643618402833 0.870961782172
-2.223403152224 -0.877970616536
0.625231451027 1.296149867528
-1.602057655607 0.616459312626
-1.104383339428 0.536596520567
0.052165079261 0.404695455614
-0.739562996391 0.191450872024
1.543014595407 0.880511199177
-1.292856909723 -0.454080362516
0.267050869349 0.085951973434
-0.039282818227 0.751946587677
-1.168093497741 0.562989718586
0.523276660532 -1.194986805269
-0.171546331222 -0.500409667304
0.771790551214 0.252803505419
0.823504153964 -0.408014709040
2.163235949281 1.774658560973
1.336527949436 -0.393153194754
-0.369181837942 -0.162218447577
-0.239379177576 0.769430178177
1.099659595887 0.330532743235
0.655263730723 -0.145274457205
0.640131526098 -0.756493528881
-1.616956044311 0.301514057397
-0.024326124399 1.039096440378
-0.738030909206 0.479095224098
0.279924599043 -0.778183521456
-0.098150389643 1.736774956977
0.910178908093 -1.446577890036
0.317218215191 -1.582685641803
0.786327962109 0.960557224457
-0.466419096736 0.225840478603
-0.944446255918 -0.549498546304
-0.410049693203 -1.098570727555
-0.017020413861 2.320799839280
0.379151735555 0.117090872155
2.259308950691 0.534201170846
-0.042257151661 0.317885097238
-0.955945000493 0.434807957731
-0.345981775699 0.540094460525
-0.463595974646 0.732424009755
0.481481473773 -0.375222400761
-1.540797014445 -0.291641986352
0.063261994200 -1.741022808359
0.156506537965 -0.780304406502
0.232181036200 0.271112796447
-0.597316068965 1.045023375503
-0.237921729736 0.599039526376
-1.424060908983 -0.340692343878
-0.493319883362 -1.263172912085
-0.542861476017 -2.777359145427
0.416050046261 1.151733974781
-1.156182431822 -0.589228986510
0.781198101710 -0.448465006204
1.494484544491 0.131573967908
-2.069985025014 -1.405560047392
0.426258730778 -0.349782180112
0.676908035030 2.023471949770
-0.637437025552 0.505386938577
-0.397271814329 0.359249156513
-0.132880577587 -1.582494477982
-0.297790879402 2.243601894583
-0.309012969047 -1.422794908626
-1.676003806330 1.922324755444
1.152331564783 -2.115056015188
1.079618592037 1.405365438724
-0.813364259204 1.618054269000
-1.466424327803 -0.824409121328
0.521064876453 0.422580372273
-0.575787969813 0.547480572105
0.141953163321 -0.813794483231
-0.319328417145 -1.449117610737
0.691538751070 -1.317717343141
0.694749143656 0.541008219960
-0.725597378464 -0.085115602519
-1.383363955395 -0.564301033302
-1.582938397335 0.966768011166
0.610379379107 0.508067909391
-1.188859257784 -0.755462726366
-0.506816354299 -1.201201519017
-0.596314038451 0.523261738688
-0.052567296270 -0.537583368558
-1.936279805847 0.099204862532
0.188778596794 1.576298972628
0.523891023834 0.502328240075
0.088422087045 -0.862266999753
-0.310886171698 0.160661189820
0.097400166269 -0.952644952815
0.399046345640 1.608522155949
-2.772592756427 -0.561578749603
1.955912308251 0.207270746974
0.390093322688 0.307732574679
-0.652408582387 0.159250468374
-0.390953375188 -1.958548955137
0.493741777349 -1.446421063983
-0.116103939034 -0.452350275569
-2.030684467781 0.319431833332
2.064492861359 -0.137779214286
-0.110540657232 -0.957147473151
1.020172711716 -1.348424319122
-0.692049847784 -0.401557544499
1.536377054246 -0.468476044680
0.286343688892 0.512836457593
0.608843834475 -0.326318462158
-1.045253366147 0.602707656429
1.211145289683 -0.594649769720
0.689818164535 -0.255957669214
1.301846229565 -0.348046379643
-0.628087559642 -0.782366966902
-0.481027118461 0.625118656434
2.303916697684 -0.813595997095
-1.060015822722 -0.521641509971
-0.135949700678 -0.073119645948
1.136891362603 -1.297379655957
0.097724967715 -0.324934958320
0.582953679753 -0.711306359743
-0.399449029263 -0.388154192482
0.370055887848 -0.059928002671
-1.306526851735 -0.799913623141
1.658130679618 -0.220075779820
-0.118164045129 1.308668752352
-0.680178203997 -0.025798558254
0.666383082032 1.145262173019
-0.460719787389 0.346494442007
-1.334258471403 0.774160609819
-1.346717505798 -0.774458968771
0.693773152690 0.104907165086
-0.159573438146 0.133912922615
-0.133701559668 -0.612625738875
1.077743805976 -0.822828324294
-1.126825808757 -1.490265387907
-0.730677752865 1.496139636952
-0.384879809181 -0.972402889352
0.094351589317 1.346221073222
-0.042171451291 -0.467493173658
-0.286887192390 -0.862493299725
-0.061626402096 0.622519140305
-0.107305276291 -0.631191941747
-0.719604388552 0.568458918924
-0.812992988554 -0.332811764852
0.274516357724 0.480424496118
-0.890915082996 -0.968186063907
-1.157355259191 0.831351057985
-0.312292251126 0.487972682663
-0.157667016164 -0.919650690063
2.256723497298 2.642935721015
-0.704700275856 0.540123026400
0.943260724969 2.290467070531
0.747188334205 1.600267818749
-1.188944955204 -0.188834780218
0.773252977403 -0.412271754605
-1.183880640193 -0.403459183421
-2.659172237997 -1.830028550428
0.606319524359 -0.695835119350
-1.755890583438 0.246766023980
0.450934461806 1.525957560885
-0.684010897737 -0.772771882978
1.659550796190 0.882056599363
1.068509399316 -1.252593341503
-0.453385803851 -0.586320025211
-0.687837611029 -0.457640594290
-1.214077403094 0.371811081497
-0.440922632293 0.457309646721
-0.280355495185 0.962341744814
-0.364693544392 0.770836960405
0.156703855272 0.243168215402
0.578521497729 0.390364943509
0.349654456993 1.588530691098
-0.764143923906 -0.510926181232
-1.437791473802 0.774728319067
1.364531848102 -1.808143926498
-0.689449184550 0.411334242898
-0.652293599935 -0.483249542479
-0.521189312301 0.002571182432
-1.843069550157 1.040086245054
-0.477974004040 0.164643809526
-0.479655814008 0.885187541209
0.620358298344 1.473764815138
0.698457149107 0.389093968866
0.003770889086 1.171041064620
0.931848374114 -0.326560977679
0.339964983801 -0.008209882270
-0.015682111603 -0.522619416398
0.160928168298 1.042977594646
-0.190653493581 0.414091353794
-0.394849514033 -0.507234461895
-0.267733536894 0.154668833646
-1.128011331470 1.041568388819
0.280441705316 -0.039267991038
-0.993123610930 -0.948932810850
0.841631264074 0.131911755787
-0.249458580161 -1.980565591069
0.049494981650 0.768770644399
0.493836776281 -0.421327587325
0.643314465063 -0.469310736279
-1.570623408633 0.875695678780
-0.206903676164 -1.365162877225
0.880178912081 1.947098642820
-1.698105819432 -0.480242041738
0.387280475395 -0.523250943385
-2.255564229402 1.021224743167
-1.022506843636 0.708695273110
0.038630551840 2.451229719075
-1.656715102322 -0.211205983632
-0.985510737684 -0.120406638664
-1.471835007464 -1.479315979963
1.648134932208 -0.332102277349
0.164227755487 -0.721431295572
0.567290277853 -0.448767013105
-0.222675100515 -1.744187756554
-0.353431748757 1.660607559895
-1.616474188651 -1.416603482426
-0.291837362748 -2.802202798392
-0.761492211812 -1.188424421583
0.857923924292 -0.603839552796
1.141101866658 -1.149554063257
1.466578715574 1.098303540733
0.852551939461 -0.137839178596
-0.598653936923 0.025385604406
-1.115896985960 0.610391764305
0.766663181645 0.286012526978
0.356292817472 0.978567297446
-1.768538450677 -1.109477553636
0.355481792744 -0.547518100679
0.814519822488 0.665967146070
0.058925589182 -2.534554462084
-0.185053671009 -1.375184479317
-0.807648487616 0.500992232180
-1.446534699563 -0.480249034995
0.800297949340 0.936107550110
-0.309114444772 0.809180296853
-0.233466661544 -1.198092880191
1.732721186919 0.406657087467
0.684501106859 1.201697855668
0.370825001281 0.147434401651
0.142061805187 -0.977464877246
1.519994860766 0.879389941913
1.719589307416 0.635424526554
0.929505111480 0.542610783499
0.582224591398 0.715938893437
-2.094603071206 -2.994612860228
0.123721914234 0.880937561081
-0.130106954194 1.808131810579
0.093953229386 0.436638474629
0.943046087323 0.192728996500
-2.739677167190 0.696438673391
-0.569312053470 0.338225473685
0.269904354941 0.651781261701
-0.466845546053 0.001471000245
-1.416906113126 -0.766704854537
0.868963486897 -1.004322712215
0.276871905846 -0.998191728232
-0.971104570444 -1.373042550951
0.314817204516 -1.067742011019
0.821585712050 1.761266127420
0.005292646299 0.754095663656
0.800564803431 -0.625027390685
0.078260175162 -0.390392693986
-0.395228982654 0.112557530906
-1.159420516400 -0.655545029484
-0.085930766972 0.067516857174
0.194292938046 0.777604137903
0.875832761587 -0.035742733548
-0.115107468487 0.336015742662
0.457415606221 0.886491539360
-0.964612013734 -0.272131756018
-0.782629155828 0.284790599134
-0.110389299027 -0.309377592883
-1.054628463985 -0.028528869834
0.820247837325 -0.324730265083
0.463130329319 -0.528869853556
0.279095764392 0.173711852987
0.338904125216 0.566545315818
2.021043561485 0.146304446001
-0.468864187967 0.498726958312
-2.201441285501 -0.737931780241
0.199300196896 -1.203735192200
-0.050603540962 0.417043502968
-0.517519042510 0.687881391175
-0.978829859359 0.049857266600
-0.439189521802 1.348035780425
0.181338429218 0.907698797988
-0.502816700643 2.680570840769
2.412453679544 -0.200808513996
-0.960504381633 -0.998848796095
-0.793117362708 -0.740136790740
-2.288620040015 -0.565497806375
0.251484415022 0.476031383438
-2.016406627800 -2.158068563961
-0.539454633375 1.318551018091
-0.275670534561 -0.239296591142
-0.709727965847 -0.246793557789
1.738872677455 -1.079343166025
0.994394391315 -0.114225551450
1.319136876302 0.013239767668
-0.882418818550 -0.121944927600
1.128594064515 0.339059255942
0.496000946344 -0.589632041951
0.771405948677 -0.895815760411
1.029438828783 0.548328130498
-0.908763245959 0.098667453816
-0.424317620978 0.197181055197
0.862596011328 1.059027254442
-2.655619092975 -1.022564391261
1.513328082573 -0.855240457251
0.553132064208 1.257219650829
-0.045703960660 -1.482883357574
0.220507655757 -1.309412146331
-1.029935283309 0.817861831185
-0.349943364589 0.238200192022
1.100284338220 0.105232137059
1.298021972326 -0.091659408100
2.696224052564 0.031267547028
-0.073924666280 -0.092112114692
-0.658552966805 1.355442702594
-0.514233965940 -0.398148128750
-1.018041875287 -0.161373536278
-0.077854755941 1.794448805225
0.382732430012 0.027509702030
-0.034242280532 2.232016389525
1.096346845666 -0.104979701019
-0.234215801345 1.367414982460
-0.347450652499 -1.655344038310
-0.581268476860 0.153644460816
-1.632634526234 -1.584473563151
-1.567767724308 0.844454306605
-1.179157930638 -1.212867816209
1.301428071665 0.283769554383
0.895260272890 -0.282195876690
1.374964066393 -1.158203185184
-1.332211654595 -1.619359982898
-1.968624689786 -0.511040463580
-0.660056320134 1.740629445895
0.175818953296 -0.293485054889
0.498690274910 0.917221542116
1.047972155968 -0.057042867662
0.284279670807 0.876726773690
1.742668780656 -1.826911378305
-0.222605680948 -0.403188306850
-0.913079218042 0.949405523793
-1.681218215494 -0.163254948833
-0.888971358095 -0.086455282711
0.242117960985 -0.430461911886
-0.888720257354 1.149379383367
0.936742463535 0.297514353955
1.412327706037 0.044022276175
-2.369586905227 0.643054545339
0.864052300498 0.588224929118
-2.239604058662 0.212587046438
0.401499055090 1.547031496991
1.224870564194 -0.060287533639
0.064856106344 0.278081047968
-1.279689173204 -0.642952553353
-0.585431204278 0.150115227006
-0.261645445711 1.587761523745
-0.182244783790 -0.643257601789
-0.202896840767 -1.133592825638
-0.109882779309 0.996759642820
0.213480048910 -0.148766152234
-1.208573653733 0.096004204970
-0.242019829870 -0.045113303693
1.518261170356 0.079121723930
-0.384645423143 0.850530683523
-0.443836093155 -0.839124190599
1.078197303714 -1.011774084105
-2.559184666344 0.084968137038
1.181378601288 -1.606439689450
-0.631903758005 -1.373053536042
0.163928572453 1.866683148332
0.096321355921 0.757468330061
0.942468119220 -0.010056471869
-0.267594746235 1.238006935958
-0.678025781564 -1.040599230085
1.297845790651 -0.315603123386
-2.364173817141 0.623453609424
0.020334181705 0.890671681431
-1.347925422629 0.512916846828
-0.761573388257 -2.541238807688
2.011256681463 -0.968082117665
-0.044595426456 0.477068092357
0.195069697151 -0.355951493047
-1.781562855706 2.540231620759
-0.729044658795 0.926558300967
0.196557400729 0.558081880619
0.354757693113 -1.116949553747
0.616886554393 -0.035296739603
0.008627898918 0.241203964219
0.527004208455 1.127783630128
0.453781912636 0.881131097100
-1.829740411005 1.032989194520
0.037005721910 -0.923912015810
0.767902407733 1.412151698299
0.589879820735 -1.380430752307
-0.363858809971 -0.535914561666
-0.805626507539 0.430771134946
-1.118311924322 -0.149891591733
-0.131054011541 -1.006036857920
1.133079879560 -0.821549825603
-1.951804101482 -1.548254322849
-0.659891729729 0.531974639007
-1.139802455427 1.260568845042
0.784957521241 -0.100393503401
-0.554309626571 -0.400348815013
-0.470637658155 -1.472322928466
-0.216949569937 0.913201924252
0.445393250895 2.211304333239
-0.392388998150 -1.797455804367
-3.046143054800 -1.063432938155
0.543311891388 -0.679593042544
0.439042957672 -0.564317909682
-0.219541028331 0.227345950143
-1.084036620672 1.614249547280
0.351780110681 1.008597286860
0.379235533536 0.527597382774
-0.470032882701 -0.723928704059
-0.216731470576 -1.119628233680
-0.930156502524 -0.796775306306
-0.178589092087 1.548066801379
-1.550429345083 -0.061743301458
0.417318821032 -0.446836253663
-0.944368490824 -0.183755730250
0.238103147832 0.824618219638
-1.405962916268 -1.312849674550
-0.590057645870 1.414874135922
-0.110489405066 0.156476256946
-1.660699811869 -0.216343978296
0.115147873140 0.442846113747
-0.379147562880 0.218397073130
-1.742356197809 -0.344196456467
-1.303242754112 -0.252710672042
0.605120084082 -0.868862546866
0.895555985551 0.656390750859
-0.131908639780 -0.531993809411
0.404761812040 -0.956258422432
0.223843563313 0.165863522654
0.329622982128 1.329141282746
1.285984007080 -0.048344623780
-1.506998398214 -0.608101256952
0.676460732362 0.403896020836
-0.382008955578 1.936712462403
-0.224258934252 -1.451905529432
-0.302249730455 0.382202787785
-0.375147116661 0.205086625232
-1.226196191783 1.161533803559
0.183339199258 0.990909173685
1.670943032789 -0.186709111810
-0.056133020449 -1.684517255425
-0.001385042735 0.806563767896
-0.687299037157 -0.835192690191
-0.117474546418 -0.946740410957
0.466166426034 1.148350580691
-0.370242440704 -0.910850377639
-0.453804041052 1.402844740100
0.403264540163 0.335844721405
-0.918004769819 0.319118400086
0.252496627077 0.307264780506
0.820321797261 -1.638423625742
1.359948541679 -1.776388616347
-0.090382007277 0.215553053789
1.367597239807 0.568007359226
1.034409886482 0.082611032156
-0.996212640371 -0.821534517020
-1.217938511593 0.018922103882
-0.304963637854 -0.082034153145
1.028935492595 -0.957158098275
-0.072287007560 1.013972154112
-0.600657557658 -1.730276061550
1.552243180049 0.588742406808
0.286904488003 0.384323405211
-2.320594275791 1.009711854812
0.317160626293 -1.005311872349
0.520040614571 0.101407146668
0.225608654471 2.171164949318
0.449712100232 0.662074289000
-0.067275608923 0.100581208729
-1.318395869645 0.539161274114
-0.370704003220 0.086176842380
-0.945615795556 2.190898013240
-0.932740910794 0.983636195789
-1.263068349102 -0.085614954230
0.452489092640 0.252331431385
0.097896145413 -0.390797996081
-0.448165362681 1.209850126410
-0.649337927730 -1.406104771391
-0.023423105021 -1.604738529861
1.079194728112 1.458714749676
-2.004215715499 2.153119792571
0.376876520851 0.468304907690
-0.545711974018 0.112737941236
-1.884585844979 0.657267690305
-1.945703083164 -0.647053526383
-0.912783494135 0.171243545152
0.219509555793 0.038908705856
0.393062933980 0.626564250745
-0.938981572678 -1.557998528183
1.017020991413 -0.507034769765
1.422983496516 0.844995603001
0.396086584957 -0.675593827630
-0.591402667808 -0.993361375423
1.124419184510 2.042072149827
0.755395695663 0.038118000179
0.867407411355 -0.578918139943
-0.656463674972 -1.692370437474
-2.834554505275 0.729346346280
2.116791021484 0.699136153719
-1.610878403450 -0.298759600570
-0.035768071860 -1.102230190907
2.380745351220 -0.024549423642
0.330576756274 -0.835856067482
0.949246473558 -0.942093588873
-1.502396569382 -0.103212751462
-1.777666954734 -1.051390398660
-0.532702791980 0.246648955252
1.090749734435 0.607992509406
-0.346249447647 -0.839632447173
-0.794636321071 -1.368245095338
0.197967289945 1.561279598956
1.081935218477 -0.940270235957
-1.444940199073 -0.659942705102
-1.210542994123 0.213017167430
-0.788669254509 0.599369372522
1.094638374712 -0.256316893690
0.234821525949 0.460794327701
2.132153410570 -0.400986157896
0.936445725831 -0.971170664824
-0.035095176870 1.426316860787
1.265077838089 2.488441614331
0.211497012732 1.695969533014
-0.704921352507 0.141806639153
0.679974844245 1.833435361816
-0.696326653861 0.355703515724
-0.290397100804 -0.477286270403
1.327782695958 0.466379574382
-0.101281486217 -0.094392506411
-0.803141387342 -0.983118183746
-0.464337691435 -0.898321971432
1.021790585589 0.802051738741
-0.552540673417 -1.846531981665
-0.386870846851 0.604136740443
-0.510292739634 -1.629583602748
0.183925494340 -2.121176444902
-0.385489760376 -1.838846603758
-1.601836048973 1.966763971935
-0.887180941845 -0.196233964944
-0.932789041506 0.086583180165
1.243319384455 1.419255045911
0.812674042109 0.934179748500
0.587259379400 -1.391505269404
-0.505358317264 0.869006342819
-0.815791541994 0.184181264704
-0.507517601657 -0.341678097596
-1.051880102552 0.024290914138
2.497200391587 1.279812020628
-2.245321648371 -0.885966482041
0.564008535074 0.400885679104
-1.284552297993 -0.009657236533
-0.104343491495 -1.797164615396
-0.988001942494 -0.802253171731
-1.177628962483 0.193213553234
-1.140196300935 1.297342089093
1.754986153742 1.001331017347
-0.132988422310 0.597212504403
-0.765702194478 -0.815275661136
0.555786964083 1.801213990809
0.010349314566 0.215240467640
0.720033759342 -1.006365521679
-1.824256655938 -0.182904980857
0.303603904462 0.896248425356
0.772694837102 0.007617498318
-1.661598291115 0.886864686583
0.448195284423 1.103693957462
1.696181572828 0.400530684599
-0.014857703355 -0.857702623047
0.821405937025 0.135454663190
0.670570450311 0.045165855939
-0.707505697511 1.859346333852
0.039766734586 -1.626321937827
-1.566994710862 -0.134822451094
-0.451303037103 -0.584093546795
0.265687974966 0.335105620196
0.723100493738 -2.437564359199
0.024612125248 1.114924559490
0.719983730143 0.013748487336
-1.102906212955 -1.844701163628
-0.101697274555 -0.361113134740
0.019279384513 0.608962341655
1.849591246680 -1.591447875458
-0.214166656200 0.003222216443
-0.499016637994 -1.057473647802
0.021351223844 -0.555985031879
-0.919113444870 0.026738382675
0.192753849065 0.183450253582
-0.365055216546 -0.470742498183
-1.791327548041 0.272796389530
-0.058586551134 0.817977607255
-0.317543093930 -0.278914275103
-1.632423302068 1.431567757449
-0.067134154615 1.462214170780
1.489355962074 -0.428702065586
0.521303748276 -0.637840556474
0.611927192731 -1.664172985166
-1.341496725583 -0.126569331639
0.476898368922 -0.363437780116
0.148449581380 0.779051220133
0.529045238334 -1.509661606068
0.422628621709 -0.277391391743
-1.359780725504 0.968744393111
-0.041400811558 -0.730357095558
-0.757870860425 -0.762361536728
-0.050084094285 -1.446940334756
-0.897400926902 2.620573846018
1.312470367141 -0.747473178065
-0.858972388444 -1.300346832218
-0.898942156466 -0.803850404032
0.074586406544 -0.774295080487
-1.077099069404 -0.269389778451
-0.424663302433 0.825372232088
-0.829964597538 -0.298323168996
1.411172063890 -0.922823314997
0.785803826831 -1.451338498191
-0.057469518465 0.021857358220
-0.391217052174 0.042539074030
0.940917614575 1.530932351029
0.405204080323 0.092447735470
0.498052404683 -0.099008311284
-0.026192237344 -1.050653836587
-1.688230027771 -0.305952575098
-0.112465982560 -0.438474458035
-0.532489919209 -0.370164164514
0.645055273460 -0.959255392641
1.011842432994 0.538329603276
-0.657951044761 -0.142445417509
0.468385234277 -0.200353480005
1.735878997686 -1.714046116049
-0.667712720571 0.493644087525
1.681921740073 0.487015325980
-0.852585847171 -0.839129402842
0.022959755608 0.990121383879
-0.011145611842 -1.364758230082
0.011498899870 -0.021869908789
-0.837678041908 -0.271207339890
-0.591183103764 -1.317174788806
-0.667720286359 0.189702612080
0.326962595404 1.702570152242
0.330035114510 0.067634230067
2.225944331738 -0.463021754109
1.370989006291 0.447024156886
-0.509843242138 0.105719995467
0.324869615796 0.027762131626
0.997117980792 -0.425542212771
0.030601824339 1.421975559292
-0.069641578447 0.456363363481
0.051574942770 -0.528670658935
0.867276628808 -0.108003836781
-0.848320522805 -0.740866704204
-0.325669468820 -0.608291150081
0.470433144846 -0.640725724190
0.311447071554 -1.134311593722
0.239582759856 0.777276963768
-0.369801166304 -0.291041463273
0.972535789143 0.554127578327
2.133868247205 -0.670125897727
0.406415493676 -0.060362494392
-0.193176701550 -0.711040596791
0.755740288895 0.719668170537
-0.539132636753 -0.248419306705
-0.749690344703 -0.730873585951
0.032808747614 -1.641703228810
-2.582796632970 0.275666549341
-1.153950363652 -0.708385052338
-0.347961855921 -0.015779217121
-1.353388858148 -0.491730108014
-1.032643101892 0.954189580899
-0.436748337458 0.544144752358
-1.642965293531 0.447212087455
-0.406071796260 -0.616121123323
-0.535270164533 0.466290043550
0.025405208385 1.714831608676
1.154184030494 -0.832186034150
0.172504416493 0.172339139229
0.021062021342 -1.649216974417
0.099454457031 1.398562092126
0.227392775121 -0.397912098591
-1.016738648610 0.782578880842
-0.114775324771 -1.723228250716
0.308751241837 1.797539387126
-1.370759982543 -0.356871528026
0.865652922816 0.545657323470
1.081376034458 0.150818206333
-0.631375988449 -0.255470786188
-0.241337791453 1.685792302659
-0.878190342810 -1.648046206366
0.699380483588 0.298713659992
-1.061222287446 0.910645672230
-0.222477010243 -0.029856121636
-0.858919907808 -0.118170784367
0.050954277011 -0.142687712073
-1.794229271490 -1.227636420410
1.326461642366 0.038127384095
-0.964606424206 0.512717523472
0.059894683116 0.068599227481
-0.212523044770 -0.272276101145
-0.762114511922 -0.489725022373
-0.887780136636 -0.279296669278
0.936398543552 1.257744217496
-0.525640593102 -2.086634979421
0.271170184637 0.040071456548
-0.801496885394 -0.327754917296
-0.647181431848 1.455807951837
0.472247150088 0.055492225444
0.930408496111 1.484925598700
-0.175316402327 -2.123890018046
-1.421919871640 0.459584904834
1.997956079750 0.280057860038
-0.856549308234 1.390533967074
-1.541587399672 -1.641348608823
2.594424587768 -0.155035808118
-0.404032293851 0.066060261786
-1.461732688261 -0.495795494545
-0.683439766789 1.216577713743
0.367544896022 -0.338682185445
0.190311557594 2.034762544021
-0.851729197254 1.054177908939
1.822723600128 0.950833697004
-0.521579677993 0.559298981391
-1.184686590412 -1.063695591026
0.960693398461 -0.431096337511
1.329062846540 0.572751366857
-0.817493097616 0.677557033588
-1.401347293039 1.307183845081
1.030438267416 -0.467441009626
-2.047323613058 -0.860153384925
-1.226621659397 0.859104192786
0.967446150050 -0.809626576040
-0.055352548022 0.873311836070
-0.263937348593 1.199736176415
0.352816606494 0.456153035827
-0.152774423545 -0.357579031969
-1.298686722163 0.041082226144
1.276075346006 0.593465919603
1.325014052887 0.010185518712
0.205332563778 2.198296338670
0.045134015432 -0.990670930627
2.339624806020 -1.002668587370
-0.276432845016 -0.976895386735
-0.259576981834 -0.589579922545
0.364481249241 -2.178931520195
1.471321956142 -0.629650426940
1.592770754417 -0.653284701928
-0.258572631677 0.078514025174
0.308331245959 0.417800583206
-1.378083467064 -1.240216336408
-0.311976107916 0.900054242764
-0.840290395479 1.802242229791
-1.006831752299 -0.208285103095
1.681576716267 1.574371237476
-0.792286661806 0.198989494405
-0.531605908011 1.988731918595
0.365848787917 1.117283465688
1.297825266974 -1.563904634840
0.481115126389 0.018627370661
2.759355114022 1.054324974904
-0.074667978251 0.030546581041
0.258716440230 -0.036883530845
0.275600673984 1.269764750314
1.435049386789 -0.709854182146
0.507238951110 0.017515613278
-0.116229700387 0.323625764609
-0.947488594907 -0.333790960354
0.244443455962 -0.020129103878
1.401344831292 0.775023263224
-0.410381793658 0.432837621500
0.528943618417 -0.808717531980
0.246147788685 -1.104123985799
0.863519658381 -0.789102180257
-0.804753740638 0.001248455788
2.346647030527 -0.159939787757
-1.279161107028 -0.831957493217
-0.365551089986 -0.598150452516
0.938092540906 -1.520039285192
0.296733172494 0.417853703217
0.829986159081 -0.040018725352
-0.496102333983 -1.259787343405
-0.074804982680 0.028620504188
0.012231983639 1.342622010510
1.569259614536 -0.739935852965
0.690429024383 1.315137665721
0.796672108365 -0.323457472483
-0.657926092537 0.197828167850
0.968882638563 0.097750802422
0.225581663569 1.401523416005
1.389145315678 0.158433846786
2.014060154918 -1.141901419204
-0.306765776027 -1.310970370441
-0.406303130445 -1.532921053430
-0.864044991102 -1.711970164094
-0.143579511716 0.046135058956
-0.382025448950 -0.958374480227
0.359504399571 -0.080811612944
-0.144566816934 -0.703859035990
-0.361599280782 -0.770784300707
1.064585136128 -0.480845340873
-0.937880231151 0.703585554643
0.433107953151 0.929145147769
-0.405941727188 0.371172552649
0.724368504870 -0.989822549547
1.385261546722 0.643631275453
-0.303098253424 0.688896666608
0.441032907273 0.274647203612
0.178792865733 -0.603620436019
-0.799422399543 0.708859575367
0.240787509742 0.422818574677
0.289120505279 -3.116856591599
0.412870820446 0.644452033411
-0.198398896820 -1.913742670862
0.094192300310 0.663561576591
-1.147610944843 -0.154072398425
-0.358114075480 1.193611680749
0.555962679710 -0.098161211206
0.892473887332 -0.886614260056
-0.422314824125 -0.147353664583
0.104714029433 1.059806294934
0.228053325124 0.026246617862
0.201479946704 -0.114335159872
0.540773585300 0.743553515508
-1.818077630384 0.210359366630
-0.049324070148 -0.005927405833
0.239033601247 1.366060068403
-1.000330348954 1.555114032059
1.673985707011 0.613326226329
0.161559267238 -0.285959151485
1.563404745029 1.496910993521
-0.790523021833 1.183119557332
-0.907300121525 0.718897165528
0.224252220966 -1.216076580746
-1.678688362829 0.140671903308
0.214965590626 -0.743672174701
0.097219232003 -0.159012251554
1.015665281542 0.240056929297
0.701041341165 0.100159408091
-0.417477349885 -0.475175105829
-1.097496654770 1.272953748920
