-1.406989232319 0.445364793369
2.413793068435 0.213872655931
1.653199526859 0.913190964976
0.040082487749 -0.510665189255
-0.227262598470 0.028379244494
-0.845831342710 -0.100281267131
0.004426558921 2.838105586576
0.407822279851 1.401611485120
-0.309172383644 0.242518347824
0.300603709803 1.016801410604
3.088390761922 -0.335349857136
0.420569019677 -0.253266683026
-0.633178105550 -0.027897994460
0.424187953223 -0.625738522760
-0.054502776334 0.971930885982
1.226560770128 -1.949453466379
0.374695723650 0.043435022688
-0.092397545489 0.339974775553
-0.511569329787 -2.037795972360
-0.588724863012 -0.568583599054
-0.456737001766 0.326106038314
0.247761289788 -1.475233023886
0.128071096313 -0.023216001360
-0.386475237734 0.023186310311
-0.270082499101 -0.080386848890
2.119554701811 1.356473239167
-0.485560198785 -1.391655885597
-0.745717090842 0.376050698401
-0.228827310271 -1.190625833907
-0.821447327613 0.355582263214
0.252617963199 -1.682701674914
-0.294156149556 -0.424513895711
0.857876058909 -1.750855917867
0.625877890997 0.691427356515
-0.487514535330 0.278522919288
0.977520846631 0.092110715406
0.468035175315 -0.069081677730
-0.731942947203 -0.911800813862
0.922129037740 -0.736681470781
0.122156930810 -0.460302878213
-1.172969626960 -1.487228412553
0.084156166966 0.735351163154
-0.152489398113 -0.628473518740
-0.942537431410 0.049708318046
0.485265568751 -1.667139750388
0.744846042859 -0.531613248458
-0.924141472055 1.015673759739
1.047334100564 -0.958481196456
0.312711603983 -1.288113509989
-0.153001021710 -0.354895881217
-1.415707163597 -2.110127549738
1.214152638797 0.919155863277
1.388169445987 -1.220556075574
-2.417307789968 1.738347247614
1.073589724015 0.346345716990
-0.813909452478 0.364512267298
1.218921831231 2.165771603266
0.512811446697 -0.256643657603
0.706458652367 -0.010896130590
-1.913261756278 0.456586330620
0.197101126996 0.080059201864
-1.037722790064 0.777963640164
0.852971734568 0.076355090511
-0.053107308352 -1.045986375265
-0.499602375744 -0.259213316670
0.579065708243 0.392346293033
-0.473418408602 0.145989981324
-0.879896483700 -0.908742582516
1.343589818344 0.917766632679
0.585957109546 1.119215887904
-1.562082536726 0.727307027013
-0.369011098763 0.181455383769
0.833450565070 0.896414068268
1.361683109327 -1.064152194161
0.989942162562 0.313672074507
1.318883417594 1.112618227248
0.431013777691 -0.994819570570
1.358905300271 -1.195013033359
1.317193736399 0.063303909512
-0.621024152393 -0.193687659319
0.444831670768 -0.006634463799
-1.306716882315 2.375174368950
0.184147225691 -1.526664486662
0.658718795584 -0.558267811753
0.021219159773 1.328492963701
0.319894265849 -0.982581720112
0.078841227203 -0.686240653260
0.320330392779 0.110441174359
1.262862813071 -1.509217179480
-0.580410282473 -0.141251728633
-0.288636603147 -0.359994313271
-0.644291755221 0.377137384216
-0.979460696012 0.134846319538
-0.660932847764 -0.089579771310
-0.911297537841 0.761991683402
0.482543188273 0.454234933476
-1.622893392963 -0.493216262561
0.240880954692 -0.622406546990
-0.676650603420 0.644028009236
-0.965600882276 0.434584343832
0.271799174311 0.999545894286
-0.479587862402 0.301088114581
-0.372627823192 1.515498712840
0.302957992586 1.235693947615
0.619438957390 0.376714055795
-1.168782567462 -0.783811172106
1.468723622015 -0.930351099714
-0.656281604332 0.937042146537
0.348359606159 1.506668304615
0.603149213579 -1.191121693541
-0.316860546392 0.892923367727
-1.117829013759 -0.055761038701
0.073391364705 1.350067598703
2.682351403526 0.186646511863
-0.490385859334 -1.579532317222
0.820493630863 0.511724206284
0.044218770829 -1.343613250439
-1.127535782741 -0.079864404459
-0.779525243816 0.593044135278
-0.155611456476 -1.194080431697
0.201645702227 1.526178878077
0.324832561230 -0.312398840034
-0.433420931905 -0.964742374941
-0.721551876315 -1.018782033176
-2.138419654890 0.930174881792
-0.274461345272 -0.942039687982
0.354162886616 1.835008227512
-1.467326762703 -1.182065784717
-0.262311846324 0.001363371820
-0.311507681666 -0.923984459896
-1.755316592084 -0.329162954449
-0.696959381781 1.120534262184
0.005000806207 -0.661193569287
-0.192695504152 0.378806747843
-0.071085136427 0.357546389587
0.005438224457 -0.970971773261
-0.749398325339 -0.040572646986
-0.021510786620 -1.999893066715
-1.073515178885 -0.245879059306
-0.409138137551 0.033667348031
0.059960928325 0.157784492042
1.145604705620 -1.184070732884
0.565643102404 0.430377556402
-1.206282260386 -0.725067126545
1.414729814187 2.089521328084
1.757628601247 0.341622615772
-0.766664440624 -1.873969351326
-0.702080439714 -1.722474398648
-1.225958820418 -2.102682097139
0.512493179757 -0.198999071185
0.748142108112 -0.520761732485
-0.378903745896 -1.132119125240
0.886338256431 -1.011503161694
-0.563172124838 0.631981058593
-2.375462179362 -0.921466546623
-1.654027213896 1.466495157604
-1.671288317709 0.096899754794
-0.741397811543 0.486179059209
-1.141145317865 -0.295119178227
-0.435010330297 -0.441954445032
-0.360515726712 -0.386758125047
-1.500308675670 0.348745016507
-0.185901507339 1.240731500410
0.063765250297 -0.123542215030
0.321674423798 1.144287937020
-0.979014137209 0.402782588068
1.833846067084 -0.296914929908
-1.778762437498 -0.494149824504
0.780452453342 -0.655215663764
-1.627792040405 0.645672661065
-0.232627595250 -0.551515405860
0.826684542574 1.021530642706
0.167289068653 -0.607544146492
0.483677201267 1.262267178932
-1.018294135257 -0.578254997343
0.109007984948 -0.360559361489
0.071545123150 0.527514001212
1.513293573294 -1.139847283577
-0.154666083179 1.153049140509
0.881818107341 -0.747577373601
0.331189200498 1.570161126482
1.022189122628 0.318379750981
-1.238435648243 0.770628141720
0.611569919549 0.095319574757
1.004896352745 0.426686396418
0.580297359789 0.382436061077
0.444361357983 -1.643311938382
0.547825388536 -0.268180777889
-0.544167126701 1.650247727642
0.106198079500 -0.049724300153
-0.127256293021 0.542981329194
0.135992502774 0.101733010779
-0.213532844752 -0.330867403874
-0.192579396302 -0.429328800077
0.653010728904 -1.020241379686
-0.988163928263 -0.554559994629
-0.570246591440 -1.475406217581
0.336762975966 -0.131064557885
0.977575627344 0.041460157730
0.533704615352 0.509272142785
-1.378940622646 0.834823431702
-0.143943265776 -0.690388340606
-0.963364181803 2.102325726014
1.466650150568 0.188299315644
-0.836195035263 -0.227226443372
-0.329861532026 1.028216142474
-0.858092011425 0.290708621644
0.720035917953 0.451257844485
-0.332124058903 0.727544801177
-1.269638857602 -0.321210889852
-0.378175972100 -0.986773177461
0.655698794067 -0.599196133353
0.348013014363 -0.095335893267
-0.537789215464 0.561485229877
-0.481802045192 0.257248051654
0.515513423892 0.743678579381
0.645826992559 1.616687002443
1.036430562280 0.403774242236
-0.053515559275 -1.224598952622
-0.841265063265 -0.470748518651
-0.568207702633 -1.313397368955
-0.067592154420 0.354293317290
-0.945411396572 1.706741576956
-0.462530495936 -0.498643188932
0.566655106354 0.525500808450
0.458878528316 -0.140586814941
0.011337289016 -1.897124320965
0.890963203079 -0.391924904126
0.350946585591 0.315778819936
0.666961967546 0.012553113724
-0.213053928655 0.824693743649
-2.513656000313 0.486001115548
0.031315085356 1.383653564803
-1.523974688264 -0.147278380304
-1.383892198376 0.793572580713
0.000850638202 -0.023690424500
-0.858527123621 0.314140208260
-0.543429110453 0.144636474181
0.485556542922 -0.689540345056
-0.126067386704 0.946095928755
0.064968909231 0.518754099278
1.651695676544 1.250449591837
-0.769332053144 -0.725092064535
-1.002813060751 -0.809902621052
-1.494869619968 0.488925018946
-0.088881451076 -1.581708348173
-0.308998886742 0.149501115772
-0.797897433966 0.278263281648
0.734670775864 -0.120472948170
0.589314919257 0.668551099666
-0.236093806129 -0.518346715029
0.484336074753 -0.099743401183
1.111537928736 2.304706278756
-0.296631296179 -0.160477877326
0.855972969274 -0.680777562585
0.146741393336 0.459356342927
-0.509534580628 1.562219069182
0.518425943568 -1.585457078126
-0.527358550690 0.139456339809
0.760706910940 -0.485565014844
0.442203146464 -0.702325542022
0.962233822730 2.452807786738
0.631443302335 1.205797497569
-0.162148459072 -0.419808654785
-0.303248823320 -0.449277411429
0.445010729892 0.437827911841
1.906510165276 -0.933645959604
-0.033015506378 -0.453460981842
-1.168794086700 -2.439963858213
-0.786798197325 1.515721067618
0.698136070168 -0.173921697500
0.473721014770 -0.942073030316
0.332121882896 1.530264245282
-1.528690768013 0.854394913834
0.804533965152 0.201866411621
-0.170876792192 0.075912321222
0.464618131490 0.295525340498
0.227806040778 2.215211663451
1.948760542878 -0.777151181050
0.737113195762 1.071857950753
-1.040455752732 -0.956587414902
1.018517970665 1.504245542855
1.109926435161 1.335739620173
0.638185588087 -0.186095198638
0.642975663092 0.624300814765
0.407615773003 1.460294539047
2.649690155133 -0.410583031889
0.443315823780 1.461645752841
-1.879864480174 0.948396377450
0.290319932034 0.440096384295
0.249252565744 -0.093553865196
-0.015322375553 -1.915453075008
0.251287965742 -1.553256782338
0.965397762394 0.113843463989
-0.847687681006 1.073328646656
-0.414163240706 1.598030016599
-1.380022273860 1.482734519280
-2.048407258663 -1.416350649037
0.283418703023 1.363171541563
0.547501715303 0.747196024824
0.243839645862 -1.219152291090
0.596602690481 -1.019270385610
-1.826435046969 -0.084599912484
-0.238920559885 1.795937345391
0.120172350709 1.514923667245
-1.394599102965 1.042840989582
1.441174191039 -2.647005015856
-1.625760124461 -0.086880840965
1.095414249124 -0.205241726788
1.633374782426 -0.919724764230
0.671914844550 -0.814608948135
1.062382603330 0.646367259915
-0.098748371868 -0.755391624604
0.126532754054 0.984194252358
-1.566064567276 1.695031488388
-0.733168325072 1.366369910680
-1.015328965792 0.129858927410
1.766011077451 0.155160551322
-0.966268099078 0.413283949081
0.350930141142 0.584195612471
1.435727503112 -1.101546144100
-1.090075091611 1.311193062887
0.252778980906 0.234254864353
0.194105045833 -0.979901514358
0.877664560731 -0.681299211723
-1.222701650373 -0.190730593329
0.849740665294 1.016808638713
2.114964229780 -1.862772772365
-0.110508850046 1.222794347456
1.151535658063 0.333596268332
0.454585559015 0.164933019406
-0.114351834494 -0.389270050244
-0.290124191822 -0.067445602423
1.565756002779 -0.741197357051
0.868822621838 1.283707740075
-1.235489757177 -0.392782535843
-0.757341352152 -0.732596590651
-1.030701811311 -1.376333305158
-0.599322109494 0.988287682999
2.377105958342 -0.676501196072
0.753408917970 -0.345383429734
1.752891776358 0.027942477420
0.236622092177 -0.824910600037
0.729369330280 0.695607445659
0.921789824609 -1.839416525266
0.040139848159 1.407042419455
-0.857811150229 -0.542285310842
-0.463191573893 -0.616092774581
0.745660162811 0.598851201705
1.093215132306 -1.496075868428
-1.347989749363 0.512567416270
1.002594305190 0.772936827216
1.046670374066 0.297080685498
0.303871050735 0.426393282730
0.280621401606 -1.434607425423
-1.805812560203 -0.636621436281
1.106920371935 1.075773017080
-0.077278907089 -0.568858657832
0.968881400425 -0.319553189482
-3.995343431299 -0.725718519537
-0.173022527113 -0.165864593022
0.036380420956 -0.967873245335
-0.199122745067 -2.397557879530
0.397315910864 -0.721602589056
0.766600281988 0.218767780691
-2.850144965055 -0.158581247321
-0.967245188410 -0.385003236209
-0.378038229775 1.153980462674
-0.357075074400 1.221130498624
1.383860864491 -1.399027237824
0.948720810347 -0.166673350513
-0.719121717126 -0.477280521172
-1.738859940155 -1.458162971417
1.336684937705 1.224583854680
-1.066696904861 -0.008477022870
0.524390874282 -0.075935303163
0.636282968759 1.094012077566
1.177044596247 0.121895355690
-0.137019026264 1.230926473103
1.190607063724 0.020252119834
-1.390737734215 -0.989042376080
1.511257393141 0.328619490732
-0.078571168377 0.779474855184
-0.199603828974 -0.612104420014
1.020218925962 0.421688704425
1.045299808196 -0.713213145621
0.044399831344 0.823321249432
-0.191510284166 -1.363809176979
0.707779757024 -1.315057993082
1.094511500298 1.510224488032
1.377008890162 -1.565701994757
0.264343207480 0.935226587115
0.987120199057 -1.290859081997
-1.075604543558 -0.225708757636
-1.404285504514 0.773156319916
0.460256586466 -1.507934827796
0.040198147852 -1.017593437356
-0.086711114251 1.589227163944
1.390177039017 0.607172674466
0.707537204802 -0.326891179822
0.940453053508 0.783338620143
-0.031820840655 -1.359762290199
-0.524557898380 -0.248898826568
-1.429300461064 -1.805626388866
0.687908265649 -0.031066986262
-1.718635389939 -0.889923673725
0.261426891553 1.613922230547
-0.758962804895 0.529014302081
-1.642782844355 0.298623637136
0.003189384542 0.247760803264
-0.451145159244 0.628718822452
0.123074318952 0.034998361100
-0.699857808689 -0.621490968362
0.572977897775 1.342941590760
0.903531984595 -0.691358409328
0.389266580090 -0.176663376844
-0.346471643665 1.356825264335
0.340340821791 -0.322197787546
-0.435750604961 -0.051921246205
-0.170173642627 -1.424000410110
-2.301069496925 -1.312832292309
-0.370586906604 0.838340885393
0.544094018093 1.161006352897
0.261602004831 -0.229572272752
-0.494786768308 1.958690410479
-1.885050761977 1.901628941793
-0.211361435524 2.420910202457
-0.452019753507 -0.404715694473
1.431467058772 -0.622516545301
-1.532922370918 0.294569557246
0.480220247901 -1.621996511395
-0.738126996850 0.746836009714
0.209348022739 0.922767390844
0.212343695405 0.147821137510
-1.108163691935 -0.388059051714
-0.614828817893 0.982903530430
0.437091037776 -2.249034262263
-1.099146736410 1.250923407049
-0.105701149452 0.792372866654
0.359565640656 -0.745167906857
-0.720558168337 -0.394490813079
0.590646572699 -1.379363979984
-2.014121998070 -0.547713874100
-0.298789108453 -1.056287309403
0.744599778082 0.537344831459
1.220221333812 0.163843541824
-0.195745432547 0.153608812018
-0.616021202442 -1.869588171545
0.881894335349 -0.582611683670
0.544289663945 0.375753052723
-1.649928175092 1.049199478510
0.508703445504 1.686168749489
1.536029034048 0.324557643740
-0.142704158667 -2.198368165947
-0.567344757646 0.487301702549
1.702082881855 0.758733145793
1.163411052670 1.067489490855
0.223345779968 -0.047525758677
-0.235557503984 2.097791182884
-0.268959601131 2.108357914743
-1.976804532543 -0.662740358483
-0.415025604545 -1.223513377213
0.601643213914 0.064244877695
1.105775918562 -1.065816023449
-2.113661020126 0.191565147301
0.988328530107 0.570287308473
-0.704982903331 -0.445904874137
0.855120678136 0.661364361255
-1.202989821907 -0.175799566064
0.854769658266 -1.483212371709
0.888052814498 2.630366732431
0.726792529533 -0.189845554805
-0.754817173044 1.272529743294
0.299190137224 -0.230531737637
0.471541288932 -0.304286641713
-0.670090884334 -0.326916374854
-0.296229256965 -0.745662656090
0.628734764038 0.700773399566
-0.469074093083 -0.311818335821
0.867365350950 -2.124385947695
0.030889871857 0.019751176860
0.952301335680 -0.323469421631
0.644379606858 -0.539973707497
0.805463021155 -0.904718510625
-0.088025957556 0.442870130704
-0.092911873604 0.963353824423
0.052767022541 -0.410903345366
0.440629559293 -1.745208388147
-0.481470245123 0.304921503197
-0.125874554901 0.538925113751
-0.917714194571 0.060133284489
-0.484140687569 0.638832966611
-1.255648379135 -0.706782959501
0.043402756942 0.522955492193
0.262872795776 -0.013890434464
0.596152589011 1.933040670642
-1.417368537029 0.402754902199
0.516847642301 0.772626762302
0.016862640302 0.961828627930
0.056261511078 1.165281700617
-1.726866616903 -1.898590814677
0.525446688176 0.560659411982
0.052992919143 0.702403115309
-0.613681602671 -1.269173072447
-0.291718517378 -1.171394434796
1.487868582339 1.180317060035
0.158798311857 1.512110263023
0.313777137407 -0.377396280422
0.407686926432 -1.425983486903
-1.240915496403 -0.146391215352
-0.027931381384 -0.659664552376
-0.822369021175 1.344576686445
-0.619359625078 -0.030383213145
0.053549509578 2.466262743440
-0.191289136067 0.280189120332
1.324689562703 -0.546883294337
0.114085927909 0.135032978833
1.660248735308 -0.260251384135
0.030939552884 -1.565286682873
-0.582296399583 -0.181642956650
1.916830231800 0.420927470088
0.286572402650 -0.185029786748
-0.873716523386 0.935531634683
0.701991961909 -0.513741432009
1.765942272735 -2.531012178014
1.460871505606 -0.931543692456
1.017740159035 0.750670975507
0.764940899873 -0.131958211947
1.782697604757 1.420053072235
0.909646765372 -1.201091897651
-1.876899530336 0.717414633610
-0.095725920357 -0.410946715703
0.870200944078 -1.023096484499
1.160269994041 -0.556772832050
-1.312704672553 0.678246401198
-0.411792136033 2.351720377142
-0.511238157439 0.319809141264
-0.854869577266 -0.424723953255
-0.472142045035 -1.046541303312
-0.096139265944 -1.026259297552
2.420169046958 2.007326028992
-0.156370623973 1.033091741146
1.123751414070 -1.237669026333
-1.328657388979 -0.200679195234
-0.096375271040 -0.632403807229
-0.028466131938 0.033724152709
1.643089827642 1.286295154289
-0.883646161685 -0.820263744551
2.083858164841 -0.053355166855
-0.677092850558 1.385929185368
0.469787879757 -0.401305158841
-0.027731017525 -1.696735898222
-0.474882862215 0.245998749536
-0.855051965904 -0.185504813190
1.472130812641 -1.464463670766
0.936342783163 -1.246828976503
-0.061264863626 0.730904239392
2.258240995963 -0.524560321782
0.849190546300 -0.830706028074
1.079295337885 1.527767344806
-1.109063337425 1.938592115072
-0.590737560735 0.225294582117
0.496530598544 0.133620970360
-0.671557262484 0.140457828878
1.660399633520 1.380063277317
0.815691613899 -0.011101213034
-0.221461085415 -0.680476702377
-1.348293626621 0.506995415990
0.464617615596 0.162360283563
-0.157441356208 1.285677766946
0.564771607665 0.244325250576
-0.406914027718 -1.380052531208
0.677781605960 1.259751036425
0.256994510588 -0.204301344102
0.204280678588 0.299725606058
-0.426007264517 -1.469922998272
0.715780035527 1.080171669614
-0.542535332559 -0.413503446212
-0.854622456196 0.913439830242
1.145287972348 1.111559646369
-1.371318425075 0.736754594867
0.158609950603 1.135774351599
-1.861825875901 -0.609659790169
0.315609081285 1.052429478925
-0.596439014032 -0.795358289561
0.995409481769 0.233551279918
1.128068653334 0.754210951030
-0.753599207208 -1.694430886459
-0.957615446199 0.040445647327
-0.583585676241 1.088767452556
1.610276396698 0.596934147550
-1.089861901614 0.492441956165
-0.218000963776 0.043578228187
-0.561100763785 -1.949829852500
0.259494429241 0.761724357605
-0.106763069115 1.983617500255
2.428644742057 -0.432257931653
-0.284933853515 -1.754414235330
0.574434056308 0.781857489612
1.248448059787 -1.155481030650
0.095392184217 -1.192219533089
-1.798908722055 0.696914289275
0.575364456564 -0.523124314706
1.998936174960 0.812351899922
-1.424479259080 -0.171849657445
-0.231371276463 0.256643060639
0.255201448984 -0.259023689740
-1.171524017155 0.540889880663
0.592075796916 -1.855783098287
-1.546718550129 -0.407234667700
-1.796299770489 -0.853295119122
0.250245051578 -0.251121181160
-0.711494192167 -1.186877893885
-0.636367500824 0.424668049594
-0.360902138565 -1.332601727019
-2.168221260353 0.627186656617
-0.265841196762 -0.609551514769
0.199819783072 -0.781094568701
0.334325697733 -2.280846961670
-0.949969775600 0.733468697210
0.569806087488 -0.141956709532
-0.472228230230 -0.843350465630
0.309563933385 1.213702548033
0.822350378584 1.256755574621
1.325041255622 -0.172869344400
0.914225284085 1.458217578773
-0.762792860497 -0.662397452179
-0.155064404315 0.185211804712
1.051268395987 0.640735051003
-0.491707018104 -0.645061918787
-0.251283478124 -0.352658293847
-0.273573362861 -0.352121307943
1.229267471605 -0.550819675890
2.533240834046 1.580090608119
0.863483823462 0.095138656651
0.654076498123 0.449794890731
-0.601835875811 0.225987160852
0.371033765147 -0.633219961961
-0.164545762895 0.251269019977
2.008749564695 -0.766274342566
-2.180216931640 2.119015113277
-1.310078325344 0.671224247447
0.890601902501 0.503370926819
1.320891678690 -0.328006424014
0.340492104196 1.599747518013
1.673887695925 0.085844194365
-0.664754471824 -1.306744665633
0.185106981075 -1.440633177026
-0.609686068948 0.312121622844
-0.869216403643 -0.724307777648
-1.225955456883 0.235627350934
0.416649457103 0.469450335328
1.242544243526 0.395150835542
0.178760897628 -0.807245804888
0.664577903654 0.855399319451
-0.296106134249 -0.671450954505
0.536839559632 0.600423742193
1.368421207510 -0.044914505940
1.896780860968 0.995693324800
-0.256234053195 0.657535390492
-0.227816016089 -0.814734695711
0.165292942984 2.139344733284
-0.617259178578 -0.110633520251
-0.102418279223 0.343009764118
0.497003942385 -1.501576668151
-0.038880631770 -1.685892736421
0.909877386866 -1.229518570512
0.285066723774 0.252341076806
0.692118022344 0.035558482840
1.556247308203 1.394593010280
-0.826069434079 0.483098543477
-0.445048414816 -0.070631865018
-0.759679534167 -0.019298329880
0.219020063363 -0.074304897988
0.936222035213 0.896180575613
-0.248967133971 0.608867428362
-0.710069146103 -1.132458443379
1.171910437844 -0.159731887083
-0.065835169224 -2.159580491902
-1.159848291427 0.219934868975
-1.437449474580 -0.411863172368
1.220918897776 -0.434215777764
-0.250050917756 2.129191787984
-0.161877960565 0.142475084743
1.737561350564 -0.290548798484
-0.299124225741 1.146915337012
1.428143427253 0.936232039386
-0.499748758126 1.554310799440
2.119807701039 -0.707199085209
1.128891177220 0.614826001472
0.127017271879 -0.256952317030
0.073281609802 -0.830811202087
-0.086243730213 -1.896918498581
0.451124702583 0.739390376305
-0.368998497326 0.334273976010
-1.116769770520 -0.540359279072
2.682999285836 -0.476574452247
1.780997728173 0.842276329577
0.077694928196 0.096372977399
-0.206123617080 -1.406146634768
-1.320469221240 0.624237445486
-1.087567140608 -0.344491308755
-1.872261698816 -1.105402306011
0.179169652087 -0.028803020467
-0.345821921012 0.620238303402
1.417799934579 -1.491677352415
0.540083281660 1.630411721559
-0.341474609677 2.170259950900
-0.856037766246 1.114501826994
0.111917151826 -0.827271462319
-1.179344583031 1.557289911773
-1.182063075813 0.219042614377
0.838188277784 -2.817994301873
0.991473682800 -0.122226556852
-0.623904853346 -0.362515098850
-0.345066023957 0.791292159866
1.056529324257 0.185335460249
-2.019447181497 0.016313976380
-0.700453188243 0.424404573411
1.388874909662 1.750879744227
0.017745853144 0.974848669560
1.359919060086 -1.029321503729
2.133904552706 0.445549621279
0.241464850736 0.450265041370
1.090256274143 0.564901453891
0.277526386611 0.307471186009
0.182685038018 0.108840951317
0.588860816417 0.383626616007
-0.745357274065 -0.425302977192
-0.756367026710 -0.330638642440
-0.184430913915 0.924876456842
0.989898232547 1.293834335480
2.295153873041 -0.225743668212
0.727177186800 0.838766481868
-0.225316630493 0.878121361385
-0.918089936772 0.835252180953
0.736686201606 -0.717805417272
-0.376023782792 1.019690718536
0.244086031421 -0.000562792012
-1.092631900342 -0.571467096011
1.341968755529 -1.689056434233
-0.840952009090 1.367087112078
-0.303222897105 -0.626262411103
-0.202072399754 -0.306292434324
-0.009556753769 -0.330315618769
0.979735252500 0.303445907529
-1.601925692951 1.185622959341
0.735491229378 -0.696781652718
-0.989941689650 -0.102966715526
-0.188633355696 2.011411931176
0.128617503722 -0.294815733126
1.131161982734 -1.187277228015
-0.607644358938 -1.512257891673
-1.682046272566 -0.786759105612
0.158160112337 -0.566907400772
0.831881090769 0.725868950993
1.047701825165 0.302731314879
1.174619419322 0.415300089739
-0.835685586203 -0.813289230266
1.222852955248 0.468602798143
0.436606357457 1.272778594290
-0.299988938385 0.190870370355
0.205382841582 -1.073026067216
0.502349213264 0.382721898180
0.768044461019 1.029877845927
-1.717024949263 0.361956211684
1.291742152657 -1.083424325998
1.678753206445 1.080641129866
-0.116590166781 -0.900568541215
-0.056705320962 -1.161761258395
-0.118113360465 0.782728365095
0.413874148352 -0.107116996900
-0.017032942958 -0.037548968924
-0.939604492517 0.664366421105
-0.432260692125 -0.653696393947
1.407124227812 -0.338544398892
0.326056394080 -0.140628628923
-1.508107095305 0.403471779807
-0.287338164135 1.012993268202
0.047408657465 1.142866945587
1.486731467252 -0.781940475339
1.630611085078 1.461637215959
-0.543290513030 0.708434491337
-0.742132716216 -0.093088649290
-0.801207441769 -1.273955603405
2.397906456671 1.465323853914
-1.237218983167 0.227421586054
1.710633938439 -0.647740467369
-0.107844141351 1.976497681330
-0.179825641671 0.466037599329
1.319689374980 -0.736332565357
-0.645659198148 -0.783669846167
1.682331229296 0.443436213536
1.441286633524 -1.169129882655
-0.868860557823 1.148389803740
0.189088781745 0.478117058991
-1.811761995820 -1.645557624340
2.030466603900 1.663063716742
-1.679253581690 -2.401283999981
0.782037336939 0.135495721343
0.282589566922 0.720856775277
-0.274380469218 -0.290367626919
0.536035113065 0.359312719535
0.218201775736 -0.431935321887
-1.049268152897 -1.103902730245
-0.002628758318 0.274425564064
0.820620946322 1.210404819360
0.957517309048 0.829891528811
1.462411154427 -0.489570649472
-0.693547448766 -1.289578359924
1.169768559085 0.944130872219
-1.727167882339 1.060932040090
-0.151299285114 -0.920800586239
0.360155255030 -0.182339960688
-1.072123752711 0.719804823630
-0.263240406939 0.174275824110
-0.244848645363 1.709038872457
0.460262015068 0.382746320253
-0.352090068264 1.363726699857
0.653417130546 -0.073585911436
0.205624418773 -0.273297562855
-0.472920287661 0.297997768050
0.894229152928 -0.345563379739
1.063040928235 0.719069231585
0.235385689934 0.570464865906
-0.473677750295 1.425152994195
0.010647747171 1.029125081627
0.205984458051 0.744864269232
1.034056711833 0.033229473087
-0.944280363342 1.003378647931
-1.754828385125 -1.171903862473
-0.129653596084 0.513210096425
0.041230594855 0.890369736054
-0.292137668879 0.828805612422
-2.394686459690 -0.283826508274
-0.081057648715 -0.641572633036
0.584260868679 -0.292176670128
1.073558970454 -1.151412517900
0.191700090161 -0.770103322107
0.650580282718 1.254407060741
-1.554975280419 -0.062502625893
0.766917285468 0.618751450677
-0.818289291715 -0.487299770382
0.193496366290 1.016055078703
-0.874632507291 0.347541888888
0.825758201765 1.934054549400
0.155642543532 -0.320313492697
0.477463244542 -0.853803281277
0.263997783357 0.722971051538
-0.417586907974 -1.262627098769
-0.803184363458 -0.598847216343
0.081830043250 -0.066913159736
0.339331020257 1.029741682470
0.005386953247 1.775356281819
0.926776022055 -0.271622986802
1.894110430559 0.571789833170
0.553226151716 -2.147685933977
-0.642200825764 0.625684781689
-0.052124491315 -1.101882410361
1.318554981747 -2.091340731367
0.247161203080 -0.882848627695
0.027719297004 -0.079671175261
0.536882441655 2.082909103117
0.378475571578 0.222988808010
0.263377278278 0.640137164127
0.041115807989 1.520565526963
-1.202174117992 1.786546375264
-0.417956106832 0.087179040793
1.644337457770 -2.148176240282
-0.455444260329 1.573734717982
-0.221807858103 0.187805918213
-2.447503119479 -1.036339914086
-0.455301958577 0.980834624849
-1.624782119886 0.075267967437
0.335132540378 0.633095592689
-1.271825519807 1.135476689099
-1.866002663722 -2.028206188482
0.552674469737 0.706117295959
0.191379217234 -0.126038252464
1.476573608636 0.688889687173
-0.976318907748 0.794142570551
1.084336654758 2.752375379639
1.185822445342 -1.285599859659
2.017617525252 -0.003572729561
-1.829964393999 0.695897907729
1.560489239536 0.930776045704
0.244239763485 -0.486007021283
0.176884565193 1.750668203760
0.472957822529 -1.430616916101
0.646996331686 -0.262501393849
-0.422138271171 -0.181091432736
-1.021657265152 0.601751023702
0.324890062916 -1.606342360788
1.149368115791 1.654780257812
-0.209680482658 -0.982804958251
-0.439180187071 -0.086737538886
-0.202197659312 -0.550524568532
-0.731387480341 1.210485564476
-0.913360218199 -2.906798385645
-0.471450600002 0.340432484448
0.251590103561 0.813975371673
-2.027404736305 0.778750084102
0.333771997533 -0.879774488695
1.313607782493 0.929145487668
-0.946284958925 -0.875201356228
0.796969092646 0.835293062404
-1.139805545482 -0.412980443927
-0.163224844330 1.147871546175
-1.505984593672 0.247335002512
-0.769631203652 0.946282677181
1.259540871748 -1.418147099881
0.126605942463 1.191687859272
-0.438839702477 -0.656192701406
-1.235053173597 -0.271659382186
-0.482982029945 -0.260541673928
-0.664319617184 1.752700186131
0.824158653259 -0.670049005328
-0.768828004335 -0.808751437239
0.620526279308 -0.268323473723
-0.667070961433 -1.748650958548
-1.449869806247 0.387152946985
1.115874399666 0.452222012936
-0.126753895681 0.581250945887
-0.526546419156 -0.512479154141
0.030945861156 2.011948286011
0.368000164752 -0.162476527048
0.498425079666 0.644992428614
1.005462113994 1.167171047061
0.550316297902 -1.026363939365
-0.419011424928 1.185536637384
0.458492418786 1.226264731837
2.172536030199 0.750003436859
-0.610928618144 0.006684477747
0.623562071935 1.800828936148
-0.024700824489 -0.796810696476
-0.562402235889 -0.259533762931
2.142006507452 0.181406593091
0.966112886856 0.421840099945
0.235345516183 0.371683906240
0.896765024858 0.119064392533
1.116906312390 0.614775937576
0.359480921547 -0.469518218237
-0.794862855591 0.870453573784
-0.015133670502 -2.076925752226
0.047562391307 0.508774881522
1.538227116466 1.680484425676
-1.738290515351 0.715615751784
1.198896526916 0.146105495238
-0.426013822392 0.163112341367
-0.325526583157 -0.116730662186
0.812576698144 1.622968221611
1.008627919143 0.134746077011
-0.387317915218 1.775120586504
0.937652564514 0.041463168738
-0.440732390894 -1.024619537131
-0.092952240406 0.613621992512
-0.556397780367 -0.626963331829
-1.601301600289 1.177161219780
-0.798828735620 0.455708355045
-0.619062702325 -1.399889621717
1.040247491558 -2.016869489983
1.511283844387 -1.468816066317
0.884441377115 1.003117644432
0.462988703630 0.312781602843
0.014929385982 0.623013710454
1.537310332472 1.270664907955
-0.813163608969 1.139445586701
0.035579636079 0.489653295425
1.046698838436 0.624179246857
-0.486614695388 0.180781658681
-0.471085396966 0.813843931359
1.245645492701 -0.855127872669
0.429865627419 -0.801618894870
-0.787583979615 0.281036131851
0.581980776936 1.463006594860
-0.519773096515 0.519552022882
-1.341163017479 0.499010143287
-1.018341330230 0.332381953406
-0.675785402474 -0.793714461117
-0.249212224064 0.086645876011
-1.715195401529 -0.717900414613
0.970138537243 -0.763601005572
1.687260936692 0.449666488319
0.128437741959 -1.399556785509
0.054840995995 -1.662515505361
1.161847418949 -0.393865377624
0.198631169626 2.164987518279
0.893812902653 2.023887672625
0.707023309330 -0.538700714375
-1.435860753665 -0.221401300763
0.677388266625 -1.043559435647
0.095357893111 -0.260990391019
0.242603239644 0.326381562234
0.010135288207 -0.192248663902
0.618876405808 -1.263162442093
0.197767542454 0.454210555133
-0.314509058271 -1.344728126620
1.011868963330 -0.325643796625
0.936445747974 1.738339060314
-0.368241254690 0.863388714488
-0.790753995189 -1.639240099180
0.069453640362 0.177529762044
-0.145990490430 0.650591468538
1.263956885700 -0.613675038247
1.140928723418 0.447970459479
1.054552824941 -0.720190904429
0.185609599919 -1.059523875878
-1.149373305425 -0.985026987539
-0.520918526623 -0.648611082286
0.832200857973 2.244743215646
-0.305955001916 0.380543573420
-0.208815956845 0.619468147505
-0.098412842210 1.704766431496
1.810110981468 1.711932054341
1.033905673766 0.996269537627
0.844295496721 1.478786883899
0.721760549673 0.984262997722
-0.847832096295 -0.440274103579
-0.804896606993 -0.671701415467
-0.297997305796 -1.023565100609
0.290873664685 -2.102317541969
0.118780650318 0.318079756023
0.038433315571 0.496042166074
1.495337243769 0.357787778856
